0.999977 0.00396549 0.00549517 -0.0577121 -0.00390954 0.999941 -0.010155 0.0231341 -0.00553512 0.0101333 0.999933 0.854535
0.999849 0.0155394 0.00780249 -0.174747 -0.0154428 0.999805 -0.0122937 0.00180262 -0.00799201 0.0121713 0.999894 1.56428
0.999685 0.0166514 0.0187671 -0.187161 -0.016564 0.999851 -0.00480534 -0.0224224 -0.0188443 0.00449297 0.999812 2.5857
0.999652 -0.0196228 0.0176162 -0.104199 0.0196042 0.999807 0.00122736 -0.117 -0.0176369 -0.000881578 0.999844 3.61184
0.99959 -0.02463 0.0145961 -0.0665643 0.0246136 0.999696 0.00130659 -0.144248 -0.0146238 -0.000946795 0.999893 4.47309
0.999127 -0.0402442 0.0112099 0.0156279 0.0402696 0.999187 -0.00204357 -0.17473 -0.0111186 0.0024932 0.999935 5.44818
0.999288 -0.0365561 0.00930902 0.105221 0.0366145 0.99931 -0.00618386 -0.146984 -0.00907655 0.0065203 0.999938 6.51922
0.999361 -0.0349751 0.00732045 0.123532 0.0350225 0.999366 -0.00644575 -0.160715 -0.00709037 0.00669801 0.999952 7.42732
0.99994 -0.00310123 0.0105104 0.089175 0.00316737 0.999975 -0.00628142 -0.078507 -0.0104907 0.00631433 0.999925 8.35069
0.999946 -0.00267781 0.0100678 0.0728351 0.00268218 0.999996 -0.000420977 -0.172161 -0.0100666 0.000447957 0.999949 9.22572
0.999942 0.003293 0.0102855 0.00652331 -0.00328585 0.999994 -0.000711956 -0.201455 -0.0102878 0.000678118 0.999947 9.816
0.999969 -0.00052355 0.00789369 0.0629436 0.000523877 1 -3.93266e-05 -0.201769 -0.00789367 4.34607e-05 0.999969 10.7561
0.999985 -0.000575922 0.00536196 0.143068 0.000573716 1 0.000412884 -0.220569 -0.00536219 -0.000409802 0.999986 11.5193
0.999922 -0.0122172 0.00263999 0.157107 0.0122098 0.999922 0.00280922 -0.343105 -0.00267411 -0.00277676 0.999993 12.2311
0.999913 -0.0124839 0.00434342 0.0980065 0.0124818 0.999922 0.000519143 -0.341227 -0.00434956 -0.000464884 0.99999 13.1397
0.999886 -0.0151235 -7.43492e-05 0.148738 0.0151234 0.999884 -0.00160884 -0.344102 9.8672e-05 0.00160753 0.999999 13.8806
0.999908 -0.0135253 -0.00076787 0.132654 0.0135238 0.999907 -0.00182295 -0.373454 0.000792454 0.00181239 0.999998 14.7122
0.999896 -0.0134825 -0.0051341 0.164124 0.0134794 0.999909 -0.000629227 -0.428493 0.00514211 0.000559957 0.999987 15.6068
0.999936 -0.0095882 -0.00601732 0.14337 0.00958288 0.999954 -0.000912862 -0.436136 0.0060258 0.00085514 0.999981 16.4614
0.999983 0.00126178 -0.00577053 0.107469 -0.00127945 0.999995 -0.00305811 -0.359007 0.00576664 0.00306544 0.999979 17.198
0.999987 0.00231877 -0.00459087 0.0742167 -0.0023347 0.999991 -0.00346595 -0.356625 0.00458279 0.00347663 0.999983 18.073
0.999965 0.0060216 -0.00586905 0.0293456 -0.00603057 0.999981 -0.00151164 -0.346292 0.00585984 0.00154698 0.999982 18.7099
0.999941 0.00924438 -0.00568018 0.012053 -0.00924745 0.999957 -0.000514538 -0.384031 0.00567518 0.000567035 0.999984 19.5783
0.999901 0.00994405 -0.00996786 0.0348829 -0.00994841 0.99995 -0.000388159 -0.386299 0.0099635 0.000487285 0.99995 20.445
0.999921 0.0078352 -0.00985268 0.00813617 -0.00781861 0.999968 0.00172134 -0.414053 0.00986585 -0.00164417 0.99995 21.2742
0.999908 0.00727843 -0.0114341 -0.00382991 -0.00725771 0.999972 0.0018532 -0.399971 0.0114473 -0.00177004 0.999933 22.0835
0.999937 -0.000175091 -0.0111865 -0.0596293 0.000242918 0.999982 0.00606221 -0.449177 0.0111853 -0.00606455 0.999919 22.8446
0.999923 0.00292923 -0.0120885 -0.0942574 -0.00283023 0.999962 0.00819855 -0.459658 0.012112 -0.0081637 0.999893 23.6466
0.999904 0.00887741 -0.0106221 -0.136139 -0.0088323 0.999952 0.00428626 -0.429563 0.0106597 -0.00419203 0.999934 24.4478
0.999909 0.00639339 -0.0118586 -0.123563 -0.00636178 0.999976 0.00270156 -0.459583 0.0118756 -0.00262587 0.999926 25.3351
0.999895 0.00457088 -0.0137865 -0.105523 -0.00453211 0.999986 0.00284171 -0.505539 0.0137993 -0.00277893 0.999901 26.2073
0.999888 -0.000514761 -0.0149481 -0.142425 0.000605964 0.999981 0.00609747 -0.573216 0.0149447 -0.00610585 0.99987 26.8113
0.999924 0.00156323 -0.0122374 -0.233743 -0.0015659 0.999999 -0.000208607 -0.456216 0.012237 0.000227754 0.999925 27.5149
0.99991 0.000414351 -0.0134262 -0.255133 -0.00041633 1 -0.000144587 -0.492739 0.0134261 0.000150164 0.99991 28.1706
0.999811 0.00522358 -0.0187161 -0.149075 -0.00521565 0.999986 0.000472538 -0.521255 0.0187183 -0.000374832 0.999825 28.9777
0.999627 0.0117959 -0.0246139 -0.0739082 -0.0117606 0.99993 0.00158184 -0.550214 0.0246308 -0.00129178 0.999696 29.8687
0.999257 0.030401 -0.0236723 -0.19705 -0.0303519 0.999536 0.00243228 -0.519993 0.0237353 -0.00171197 0.999717 30.519
0.999311 0.0271659 -0.0252802 -0.231924 -0.0270098 0.999614 0.00649567 -0.557538 0.0254469 -0.00580839 0.999659 31.2064
0.999247 0.0276537 -0.0272054 -0.251127 -0.0274794 0.9996 0.00676001 -0.568886 0.0273815 -0.00600733 0.999607 31.8891
0.998727 0.0415462 -0.0285899 -0.231568 -0.0413538 0.999118 0.0072883 -0.575352 0.0288674 -0.00609672 0.999565 32.6527
0.998661 0.0376171 -0.0355081 -0.1915 -0.03746 0.999285 0.00507981 -0.502184 0.0356738 -0.00374287 0.999356 33.7222
0.99875 0.0336058 -0.0369928 -0.206502 -0.0332724 0.9994 0.00959258 -0.575826 0.0372929 -0.00834976 0.999269 34.4961
0.99851 0.0382037 -0.0389607 -0.269548 -0.0377917 0.999222 0.0112581 -0.60233 0.0393605 -0.00976898 0.999177 34.8976
0.998167 0.0449707 -0.0404902 -0.247067 -0.0443416 0.998883 0.0163027 -0.768746 0.0411781 -0.0144774 0.999047 35.5938
0.998214 0.0464906 -0.0375224 -0.312416 -0.0461288 0.998881 0.0104513 -0.697175 0.0379663 -0.00870174 0.999241 36.3815
0.998096 0.050623 -0.0352266 -0.363894 -0.0504285 0.998707 0.00638853 -0.656573 0.0355044 -0.00459994 0.999359 36.9031
0.998169 0.0508614 -0.0327512 -0.369499 -0.050787 0.998705 0.003102 -0.630226 0.0328666 -0.00143298 0.999459 37.5171
0.998269 0.0523336 -0.0268481 -0.527754 -0.0522515 0.998627 0.00375189 -0.650534 0.0270075 -0.00234254 0.999632 38.1009
0.998365 0.0513911 -0.0250237 -0.491752 -0.0513558 0.998678 0.00205343 -0.586355 0.0250961 -0.000764965 0.999685 38.6351
0.998412 0.0515976 -0.0226012 -0.477148 -0.0514799 0.998657 0.0057582 -0.619966 0.022868 -0.00458555 0.999728 39.2876
0.997918 0.0607279 -0.0217056 -0.317497 -0.06056 0.99813 0.00831313 -0.595495 0.0221699 -0.00698133 0.99973 40.0735
0.99799 0.0608932 -0.0175465 -0.267446 -0.0607573 0.998119 0.00817946 -0.604506 0.0180116 -0.00709694 0.999813 40.6945
0.998333 0.0572135 -0.00759238 -0.406063 -0.0571132 0.998285 0.0128256 -0.683911 0.00831316 -0.0123706 0.999889 41.2386
0.99798 0.0634348 -0.00353052 -0.279536 -0.0633785 0.997888 0.0142638 -0.683455 0.00442789 -0.0140113 0.999892 41.671
0.998001 0.0622607 0.0108709 -0.525999 -0.0623505 0.998021 0.00812216 -0.458419 -0.0103437 -0.00878373 0.999908 41.8766
0.99793 0.0619937 0.0171182 -0.479284 -0.0621169 0.998046 0.00676218 -0.422951 -0.0166655 -0.00781151 0.999831 42.3969
0.997322 0.0699229 0.0214229 -0.332554 -0.0700691 0.997523 0.00614894 -0.468044 -0.0209399 -0.00763356 0.999752 42.5808
0.996841 0.0735313 0.030017 -0.358981 -0.0736755 0.997275 0.00372281 -0.502188 -0.0296615 -0.00592257 0.999542 42.8987
0.996808 0.0703353 0.0377609 -0.295929 -0.0705682 0.997495 0.00486687 -0.589593 -0.037324 -0.00751606 0.999275 43.1728
0.996236 0.0703129 0.0506934 -0.472113 -0.070597 0.997498 0.0038333 -0.567997 -0.050297 -0.00739767 0.998707 43.7828
0.996157 0.0696894 0.0530587 -0.269819 -0.0701854 0.997505 0.00754074 -0.629458 -0.0524009 -0.0112357 0.998563 43.9032
0.99525 0.074432 0.0627531 -0.25908 -0.0752759 0.9971 0.0111892 -0.706339 -0.0617383 -0.0158598 0.997966 44.2899
0.994053 0.0765752 0.0774326 -0.498303 -0.077332 0.996982 0.00681926 -0.527666 -0.0766767 -0.0127667 0.996974 44.5072
0.992631 0.0787633 0.0920855 -0.733881 -0.0793221 0.996846 0.0024194 -0.349358 -0.0916045 -0.00970599 0.995748 44.7287
0.991666 0.0797501 0.101187 -0.736021 -0.0804169 0.996758 0.00252093 -0.376075 -0.100658 -0.0106371 0.994864 44.8759
0.991005 0.0797646 0.10746 -0.624529 -0.0806183 0.996738 0.00361689 -0.377102 -0.106821 -0.0122476 0.994203 45.1692
0.989932 0.07852 0.117769 -0.579902 -0.0795431 0.996823 0.00400567 -0.44442 -0.117081 -0.0133331 0.993033 45.4287
0.989572 0.0700361 0.125862 -0.404672 -0.0718014 0.997373 0.00953884 -0.628473 -0.124863 -0.0184764 0.992002 45.5804
0.988701 0.0747406 0.129936 -0.136745 -0.076841 0.99698 0.0112202 -0.809117 -0.128705 -0.0210779 0.991459 45.861
0.986564 0.0771008 0.144041 -0.053827 -0.0792011 0.996819 0.00889599 -0.82548 -0.142897 -0.0201846 0.989532 46.0696
0.984738 0.0724436 0.158253 0.0328576 -0.0752079 0.997101 0.0115414 -0.861919 -0.156958 -0.0232672 0.987331 46.369
0.983177 0.0636728 0.1712 0.184194 -0.0660333 0.997784 0.0081231 -0.822834 -0.170303 -0.0192913 0.985203 46.3632
0.979988 0.0578924 0.190453 0.253412 -0.0601467 0.998171 0.00607239 -0.826304 -0.189754 -0.017406 0.981677 46.5369
0.976461 0.0513466 0.209495 0.350918 -0.0528227 0.998603 0.00145304 -0.708651 -0.209128 -0.0124849 0.977809 46.7411
0.97235 0.0520168 0.22766 0.435515 -0.0537223 0.998555 0.00129679 -0.742291 -0.227264 -0.0134914 0.97374 46.8019
0.967419 0.0547023 0.247199 0.54775 -0.0587629 0.998231 0.00907289 -1.00086 -0.246265 -0.0233034 0.968922 46.9264
0.960999 0.0530043 0.271424 0.623728 -0.05653 0.998387 0.00518192 -0.92218 -0.270712 -0.0203234 0.962446 47.1626
0.953781 0.053685 0.295669 0.668914 -0.0573465 0.998347 0.00371932 -0.924463 -0.294981 -0.020503 0.955283 47.3082
0.945614 0.0681544 0.318071 0.868388 -0.0719151 0.997411 8.17979e-05 -0.863612 -0.317242 -0.0229515 0.948067 47.4228
0.936402 0.0678636 0.344306 1.00987 -0.0706168 0.997493 -0.0045535 -0.753789 -0.343752 -0.0200499 0.938846 47.6758
0.925392 0.0695714 0.372571 1.17603 -0.0721399 0.99737 -0.00706091 -0.739925 -0.372082 -0.0203431 0.927977 48.2721
0.912812 0.0650555 0.403165 1.29779 -0.0664653 0.997733 -0.0105112 -0.705032 -0.402935 -0.0172017 0.915067 48.4831
0.89847 0.0617463 0.434671 1.4949 -0.0623047 0.997973 -0.0129803 -0.730876 -0.434591 -0.0154197 0.900496 48.7099
0.882811 0.0620428 0.465613 1.73386 -0.0621969 0.99795 -0.0150502 -0.744402 -0.465592 -0.0156732 0.884861 48.866
0.864131 0.062961 0.499312 1.95233 -0.0603959 0.997947 -0.0213127 -0.739522 -0.499629 -0.0117394 0.86616 49.0213
0.840719 0.0751564 0.53623 2.15908 -0.0681558 0.997132 -0.0328981 -0.577615 -0.537165 -0.00888908 0.843431 49.3112
0.818728 0.0749841 0.569264 2.49229 -0.0656039 0.99716 -0.0369939 -0.535533 -0.570421 -0.00705801 0.821322 49.4387
0.790862 0.0794729 0.606813 2.77905 -0.0694272 0.996782 -0.0400615 -0.546764 -0.608044 -0.0104462 0.793835 49.7598
0.761237 0.0819825 0.64327 3.06207 -0.0696991 0.996574 -0.0445287 -0.468792 -0.644717 -0.0109385 0.764343 50.0379
0.72883 0.0829386 0.679653 3.36981 -0.0687466 0.996484 -0.0478809 -0.468984 -0.681235 -0.0118268 0.73197 50.2646
0.690404 0.0830523 0.718641 3.58273 -0.0643306 0.996501 -0.0533613 -0.362885 -0.720558 -0.00938973 0.693331 50.5047
0.651769 0.0801896 0.754166 3.92879 -0.0590509 0.996741 -0.0549491 -0.3974 -0.756115 -0.00871998 0.654381 50.7067
0.607309 0.0856886 0.789831 4.36969 -0.061856 0.996248 -0.060521 -0.380801 -0.792054 -0.0121009 0.610331 51.0554
0.559463 0.0835953 0.824629 4.72373 -0.0551611 0.99645 -0.0635898 -0.445878 -0.827018 -0.00991131 0.562089 51.3366
0.513096 0.0806172 0.854537 5.14414 -0.0495008 0.996702 -0.0643069 -0.516928 -0.856903 -0.00930465 0.515394 51.4283
0.46565 0.0776 0.88156 5.34501 -0.0383531 0.996982 -0.0675015 -0.446871 -0.884138 -0.00237849 0.467221 51.4775
0.420436 0.0744752 0.90426 5.65542 -0.0391604 0.997186 -0.0639209 -0.504998 -0.906477 -0.00853651 0.42217 51.438
0.370044 0.0720143 0.926219 6.19385 -0.0276617 0.997403 -0.0664975 -0.464403 -0.928602 -0.00101379 0.371075 51.6889
0.322015 0.0713278 0.944044 6.85823 -0.0230706 0.997453 -0.0674937 -0.522684 -0.946453 -4.56218e-05 0.32284 51.8225
0.275661 0.0640473 0.959119 7.30371 -0.00966105 0.997912 -0.0638612 -0.596533 -0.961206 0.00833793 0.275704 51.8854
0.230724 0.0564699 0.971379 7.87561 0.00617189 0.998209 -0.0594956 -0.645096 -0.973 0.0197223 0.229962 52.0052
0.185758 0.0515353 0.981243 8.32716 0.020984 0.998188 -0.0563977 -0.679918 -0.982371 0.0310668 0.18434 52.0804
0.142923 0.0512186 0.988408 8.98384 0.0170786 0.998384 -0.0542051 -0.78891 -0.989586 0.0246277 0.141817 52.2557
0.111965 0.0519235 0.992355 9.55 0.0264186 0.998125 -0.0552062 -0.82212 -0.993361 0.0323978 0.110383 52.2657
0.083644 0.0515475 0.995162 9.93478 0.0352081 0.997885 -0.0546478 -0.78648 -0.995874 0.0396087 0.0816522 52.2342
0.0594307 0.0500361 0.996978 10.4042 0.0490699 0.997389 -0.0529818 -0.746335 -0.997026 0.0520703 0.0568203 52.1831
0.0403333 0.0509395 0.997887 11.0085 0.0537876 0.997141 -0.0530754 -0.721776 -0.997738 0.0558146 0.0374781 52.1286
0.025907 0.055642 0.998115 11.4396 0.0549654 0.99686 -0.0569988 -0.614172 -0.998152 0.0563385 0.0227673 52.1264
0.0138533 0.056557 0.998303 11.7422 0.0590944 0.996608 -0.0572809 -0.515969 -0.998156 0.0597877 0.0104641 52.1308
-0.0008673 0.0593198 0.998239 12.3765 0.0603694 0.996421 -0.0591594 -0.46656 -0.998176 0.0602118 -0.0044453 52.2403
-0.0098287 0.0615218 0.998057 12.9475 0.0636032 0.996123 -0.0607762 -0.514436 -0.997927 0.0628823 -0.0137036 52.1865
-0.0142731 0.0650544 0.99778 13.6921 0.0649551 0.995834 -0.0639983 -0.545928 -0.997786 0.0638974 -0.0184393 52.129
-0.0155723 0.0578404 0.998204 14.1981 0.0601273 0.996573 -0.0568078 -0.698742 -0.998069 0.0591347 -0.0189967 51.9677
-0.021446 0.0562225 0.998188 14.8517 0.0613658 0.996609 -0.0548152 -0.674057 -0.997885 0.0600791 -0.0248234 51.987
-0.022802 0.0488876 0.998544 15.3233 0.0592618 0.997113 -0.0474643 -0.672141 -0.997982 0.0580933 -0.0256333 51.8708
-0.0260678 0.044469 0.998671 15.9872 0.0590336 0.997335 -0.0428686 -0.682679 -0.997916 0.0578377 -0.0286235 51.9209
-0.0172862 0.0329016 0.999309 16.6049 0.0639203 0.99745 -0.0317347 -0.869304 -0.997805 0.0633276 -0.0193452 51.6955
-0.0163967 0.0348779 0.999257 17.3352 0.0674085 0.997156 -0.0336985 -0.939816 -0.997591 0.0668058 -0.0187012 51.6532
-0.0113125 0.0400602 0.999133 18.0364 0.0705548 0.996739 -0.0391653 -0.98613 -0.997444 0.0700506 -0.014102 51.5409
-0.00225658 0.047819 0.998853 18.8702 0.0663011 0.996665 -0.0475644 -0.992507 -0.997797 0.0661177 -0.0054195 51.3448
-0.00375979 0.0441728 0.999017 19.5467 0.0690963 0.996648 -0.043808 -1.09105 -0.997603 0.0688636 -0.00679936 51.4055
-0.00197299 0.0414887 0.999137 20.2448 0.0637409 0.997112 -0.0412787 -1.07147 -0.997965 0.0636045 -0.00461182 51.4338
-0.00156113 0.0329796 0.999455 20.9458 0.0649319 0.99735 -0.0328087 -1.15512 -0.997888 0.0648453 -0.00369842 51.4972
0.00659343 0.0177071 0.999821 21.7214 0.0749051 0.997025 -0.0181515 -1.36047 -0.997169 0.0750114 0.00524747 51.3816
0.0031725 0.0249727 0.999683 22.3779 0.0810512 0.996393 -0.0251477 -1.36729 -0.996705 0.0811053 0.00113698 51.4694
0.00727624 0.0306014 0.999505 23.2045 0.0850429 0.995892 -0.0311098 -1.35305 -0.996351 0.0852271 0.00464391 51.4377
0.00327359 0.0316755 0.999493 23.9155 0.0847758 0.995891 -0.0318391 -1.32966 -0.996395 0.084837 0.000574825 51.5859
0.0062498 0.0296944 0.999539 24.5519 0.0764309 0.996621 -0.0300856 -1.3333 -0.997055 0.0765837 0.00395912 51.6047
0.0151127 0.0267136 0.999529 25.1405 0.0629918 0.997632 -0.0276153 -1.42247 -0.9979 0.0633794 0.0133941 51.442
0.0137789 0.0336681 0.999338 25.8403 0.0684737 0.997055 -0.0345353 -1.31419 -0.997558 0.0689043 0.011433 51.5897
0.0113354 0.0396048 0.999151 26.6722 0.0659907 0.997007 -0.0402685 -1.34173 -0.997756 0.0663912 0.0086879 51.7614
0.0162731 0.0391375 0.999101 27.3538 0.0608936 0.99734 -0.0400603 -1.41055 -0.998012 0.0614908 0.0138466 51.7281
0.0232115 0.0402225 0.998921 28.0281 0.066278 0.99693 -0.0416824 -1.37654 -0.997531 0.0671741 0.0204744 51.6658
0.0240828 0.0376201 0.999002 28.5473 0.0706438 0.99673 -0.0392376 -1.37991 -0.997211 0.0715183 0.0213464 51.6891
0.0267756 0.0333178 0.999086 29.2473 0.0733202 0.996687 -0.0352027 -1.53182 -0.996949 0.0741957 0.024244 51.6807
0.0289473 0.0339157 0.999005 29.8752 0.0766217 0.996408 -0.0360478 -1.56681 -0.99664 0.077589 0.0262447 51.7225
0.0232704 0.0296421 0.99929 30.7504 0.0764357 0.996582 -0.0313418 -1.70064 -0.996803 0.0771108 0.0209251 51.9098
0.0257738 0.0291795 0.999242 31.522 0.074292 0.996754 -0.0310231 -1.63768 -0.996903 0.0750353 0.0235223 51.927
0.0289493 0.0260315 0.999242 32.1373 0.0833196 0.996119 -0.028364 -1.77029 -0.996102 0.0840776 0.026668 51.9885
0.0296369 0.025865 0.999226 32.858 0.0853452 0.995949 -0.0283115 -1.82256 -0.995911 0.0861183 0.0273094 52.0686
0.0329128 0.0275031 0.99908 33.4879 0.0804042 0.996309 -0.0300755 -1.87609 -0.996219 0.0813201 0.0305799 52.0352
0.0313845 0.0272549 0.999136 34.3052 0.0779417 0.996517 -0.0296317 -1.90973 -0.996464 0.0788043 0.0291509 52.1123
0.0467993 0.0322855 0.998382 35.0665 0.0749249 0.996549 -0.0357383 -1.83834 -0.99609 0.0764763 0.0442188 51.9165
0.0484157 0.0333225 0.998271 35.7855 0.0697714 0.996889 -0.0366602 -1.86144 -0.996387 0.0714257 0.0459401 51.9444
0.0536324 0.0331176 0.998011 36.4797 0.0655998 0.997174 -0.0366151 -1.89875 -0.996404 0.0674331 0.0513084 51.9008
0.05904 0.0300495 0.997803 37.0748 0.0691655 0.997022 -0.0341185 -2.03808 -0.995857 0.0710279 0.0567857 51.916
0.0606353 0.0345426 0.997562 37.794 0.0627399 0.997293 -0.0383469 -2.03143 -0.996186 0.0649121 0.0583039 52.0008
0.0608948 0.0370521 0.997456 38.576 0.0635964 0.997136 -0.0409228 -2.06084 -0.996116 0.0659266 0.058364 52.0698
0.0673333 0.0387513 0.996978 39.3655 0.0641651 0.997009 -0.0430861 -2.12053 -0.995665 0.0668723 0.0646454 52.0597
0.0711295 0.0380245 0.996742 40.1066 0.0620343 0.99717 -0.0424677 -2.15336 -0.995536 0.0648529 0.0685694 52.0828
0.0747671 0.0396897 0.996411 40.934 0.0682531 0.996661 -0.0448212 -2.16413 -0.994862 0.0713593 0.0718085 52.186
0.0784791 0.041339 0.996058 41.66 0.0627467 0.996954 -0.04632 -2.18107 -0.994939 0.0661345 0.0756461 52.2631
0.0836974 0.043362 0.995547 42.4127 0.0586904 0.997104 -0.0483641 -2.18057 -0.994761 0.062477 0.0809101 52.2893
0.0857802 0.0457413 0.995264 43.1977 0.0583943 0.996997 -0.0508539 -2.17668 -0.994601 0.06248 0.0828516 52.3698
0.0928587 0.0469747 0.994571 43.927 0.0611174 0.996734 -0.0527831 -2.20823 -0.993802 0.065687 0.0896844 52.374
0.0986849 0.0503222 0.993846 44.5714 0.0571238 0.996787 -0.0561433 -2.25809 -0.993478 0.0623128 0.0954933 52.4155
0.103743 0.0511475 0.993288 45.0139 0.0601243 0.996528 -0.057594 -2.4977 -0.992785 0.0656957 0.100308 52.4758
0.109636 0.0557131 0.992409 45.8032 0.0611398 0.996159 -0.0626781 -2.56557 -0.99209 0.0675475 0.105809 52.6122
0.109655 0.0498923 0.992717 46.5699 0.0513528 0.997121 -0.055786 -2.75249 -0.992642 0.057096 0.106777 52.8101
0.115311 0.0496008 0.99209 47.1867 0.0365632 0.997864 -0.0541392 -2.82283 -0.992656 0.0425169 0.113251 52.8194
0.122594 0.0478506 0.991303 47.779 0.0332646 0.998078 -0.0522914 -2.88615 -0.991899 0.0393859 0.120767 52.8727
0.123551 0.0431389 0.9914 48.7792 0.0470245 0.997678 -0.0492724 -2.93612 -0.991223 0.0527078 0.121235 53.0811
0.131084 0.0389998 0.990604 49.2858 0.0448126 0.997971 -0.0452198 -2.96175 -0.990358 0.0503191 0.129071 53.1656
0.135266 0.0365866 0.990134 50.0136 0.0277958 0.998785 -0.0407036 -2.90913 -0.990419 0.0330274 0.134084 53.3386
0.140533 0.0380038 0.989346 50.8748 0.0207591 0.99893 -0.0413207 -2.87525 -0.989858 0.0263448 0.139594 53.4878
0.147064 0.0363664 0.988458 51.5143 0.024183 0.998893 -0.0403483 -2.9744 -0.988831 0.0298377 0.146022 53.6212
0.150174 0.0461807 0.98758 52.3855 0.0135948 0.998718 -0.0487687 -2.92976 -0.988566 0.0207497 0.149354 53.7789
0.156241 0.0505724 0.986423 53.1228 0.0109094 0.998539 -0.0529215 -2.95733 -0.987659 0.0190298 0.155461 53.8757
0.161969 0.0531882 0.985361 53.8698 0.0111161 0.998385 -0.0557184 -3.01502 -0.986733 0.0199781 0.161116 53.9954
0.168538 0.0555271 0.98413 54.7234 0.00534705 0.998346 -0.0572449 -3.02396 -0.985681 0.0149101 0.167962 54.0825
0.174846 0.0569653 0.982947 55.8982 0.00489496 0.998262 -0.0587236 -3.03609 -0.984584 0.0150791 0.174263 54.212
0.184123 0.051811 0.981537 56.799 0.00784528 0.9985 -0.0541781 -3.04365 -0.982872 0.0176759 0.183441 54.296
0.187587 0.0491011 0.98102 57.6098 -0.00285895 0.998773 -0.049443 -3.05258 -0.982244 0.00647016 0.187497 54.4522
0.190198 0.0455314 0.980689 58.2926 -0.00294449 0.998946 -0.045808 -3.09352 -0.981741 0.00582496 0.190132 54.6436
0.194532 0.0491337 0.979665 59.0973 -0.0108927 0.998791 -0.04793 -3.07088 -0.980836 -0.00134733 0.194832 54.7807
0.192423 0.0477991 0.980147 59.5726 -0.00655209 0.998853 -0.0474251 -3.13346 -0.98129 0.00270368 0.192516 55.0337
0.194727 0.0548813 0.979321 60.3867 -0.0150089 0.998483 -0.0529708 -3.13117 -0.980743 -0.00438366 0.195256 55.1012
0.194993 0.059835 0.978978 61.0128 -0.0234597 0.998136 -0.0563332 -3.23046 -0.980524 -0.0119819 0.196034 55.2625
0.195688 0.064509 0.978542 61.5803 -0.0234256 0.997857 -0.0610977 -3.29115 -0.980386 -0.0109669 0.19678 55.3959
0.201185 0.0687265 0.977139 62.2963 -0.0196445 0.997618 -0.0661223 -3.2904 -0.979356 -0.00589254 0.202056 55.4693
0.200222 0.0717859 0.977117 63.0792 -0.0279319 0.997325 -0.0675469 -3.34201 -0.979352 -0.0137684 0.201691 55.7072
0.202184 0.0699544 0.976846 63.7563 -0.0285582 0.997443 -0.0655186 -3.38785 -0.978931 -0.0146501 0.203665 55.8209
0.202916 0.0666257 0.976927 64.3773 -0.0287291 0.997658 -0.0620722 -3.45753 -0.978775 -0.0154707 0.204355 55.9393
0.203295 0.0609318 0.97722 64.8756 -0.0175144 0.998128 -0.0585919 -3.47356 -0.978961 -0.00520404 0.203981 55.9594
0.20243 0.0608902 0.977402 65.5282 -0.0181801 0.998127 -0.058416 -3.52188 -0.979128 -0.0059441 0.203158 56.0882
0.20163 0.0617773 0.977512 66.3185 -0.0173765 0.998077 -0.0594928 -3.55728 -0.979308 -0.00499017 0.202316 56.3222
0.200637 0.0636614 0.977595 66.8409 -0.011832 0.997971 -0.06256 -3.56585 -0.979594 0.000984995 0.200983 56.3823
0.196462 0.0698298 0.978022 67.2811 -0.0165097 0.997555 -0.067908 -3.58427 -0.980372 -0.00280546 0.197134 56.5331
0.194568 0.0695917 0.978417 67.9341 -0.014191 0.997575 -0.0681324 -3.62409 -0.980786 -0.000628335 0.195083 56.6877
0.191871 0.0680872 0.979056 68.5154 -0.0157247 0.997676 -0.0663005 -3.67473 -0.981294 -0.00267427 0.192495 56.7832
0.185724 0.0683889 0.980219 68.6701 -0.0248577 0.997583 -0.0648905 -3.69508 -0.982287 -0.0123142 0.186975 57.0051
0.188892 0.0722128 0.979339 68.8534 -0.0438795 0.996917 -0.0650455 -3.72768 -0.981017 -0.0306863 0.191479 56.6704
0.187737 0.0705341 0.979684 69.4261 -0.0375804 0.997204 -0.064594 -3.79405 -0.9815 -0.0246902 0.189863 56.7651
0.188277 0.0675968 0.979787 70.0676 -0.0220558 0.997668 -0.0645922 -3.91649 -0.981868 -0.0094487 0.189329 56.7987
0.188036 0.0724692 0.979485 70.5479 -0.0154973 0.997369 -0.0708173 -3.85718 -0.98204 -0.00186318 0.188664 56.8515
0.185618 0.0731771 0.979893 71.0649 -0.0115213 0.997317 -0.0722958 -3.90962 -0.982554 0.00212977 0.185963 56.9948
0.18691 0.0728088 0.979675 71.6629 -0.00912082 0.997335 -0.0723811 -4.00553 -0.982335 0.00459329 0.187076 57.0364
0.1877 0.068393 0.979842 72.0171 -0.00401503 0.997618 -0.0688646 -4.06667 -0.982218 0.00899181 0.187528 56.9746
0.188113 0.0608053 0.980263 72.66 0.00778722 0.997958 -0.0633972 -4.29191 -0.982117 0.0195594 0.187255 57.1953
0.177481 0.0585294 0.982382 73.2341 0.012975 0.998004 -0.0618043 -4.32986 -0.984039 0.0237155 0.176368 57.5656
0.17932 0.0558086 0.982207 74.1034 0.0257579 0.997781 -0.0613962 -4.3029 -0.983454 0.0363092 0.177484 57.8917
0.185125 0.0524086 0.981317 74.5065 0.0274963 0.99791 -0.0584819 -4.311 -0.98233 0.0378091 0.183297 57.8517
0.192003 0.0523907 0.979995 74.6907 0.0268295 0.997921 -0.0586055 -4.32604 -0.981028 0.0375452 0.190198 57.6808
0.203665 0.0502528 0.97775 74.661 0.0340558 0.997714 -0.0583727 -4.22561 -0.978448 0.0451866 0.201488 57.1686
0.213521 0.0474939 0.975783 75.0202 0.0407304 0.997516 -0.0574644 -4.2171 -0.976089 0.0520139 0.211056 57.0875
0.222346 0.04568 0.973897 75.4579 0.0410771 0.997576 -0.0561688 -4.21477 -0.974102 0.0524938 0.219931 57.0786
0.229458 0.0428061 0.972377 76.0485 0.0366953 0.997942 -0.0525908 -4.31123 -0.972626 0.047749 0.227415 57.2875
0.238625 0.0461418 0.970015 76.5298 0.0272663 0.998158 -0.0541881 -4.37543 -0.970729 0.0393794 0.236927 57.3245
0.251261 0.0458608 0.966832 76.8646 0.0286766 0.998086 -0.0547958 -4.33172 -0.967494 0.0414935 0.249465 57.247
0.263971 0.0438503 0.963533 77.6111 0.0364244 0.9978 -0.0553887 -4.3493 -0.963843 0.0497172 0.261793 57.4058
0.273726 0.0497299 0.960521 78.0468 0.0232449 0.998029 -0.058296 -4.36614 -0.961527 0.0382844 0.27203 57.5002
0.285935 0.0527454 0.956796 78.4514 0.0344299 0.997274 -0.065266 -4.18027 -0.95763 0.0516042 0.283339 57.469
0.294649 0.0541402 0.954071 78.9749 0.0317674 0.997287 -0.0664034 -4.20595 -0.955077 0.049874 0.29213 57.6214
0.305292 0.0545932 0.950693 79.6177 0.0311959 0.997246 -0.0672843 -4.24286 -0.951748 0.050199 0.302748 57.8288
0.314773 0.0543766 0.947608 80.3693 0.0316279 0.997202 -0.0677285 -4.31037 -0.94864 0.05129 0.312173 58.2522
0.324644 0.0534023 0.944328 81.0557 0.0250402 0.99757 -0.0650215 -4.38983 -0.945505 0.044755 0.322518 58.4926
0.333984 0.0472143 0.941395 81.749 0.0259997 0.997903 -0.0592724 -4.45462 -0.94222 0.044272 0.332056 58.7531
0.346588 0.0416911 0.93709 82.4396 0.0295571 0.99803 -0.0553341 -4.4947 -0.937552 0.0468758 0.344673 59.0085
0.358759 0.0408349 0.932537 83.1329 0.0216476 0.99841 -0.0520475 -4.56983 -0.933179 0.0388597 0.357305 59.1297
0.367835 0.0374753 0.929135 83.8488 0.0288768 0.998245 -0.0516948 -4.62072 -0.929442 0.0458457 0.366108 59.4672
0.377875 0.0307496 0.925346 83.7993 0.0312806 0.998454 -0.0459527 -4.7794 -0.925328 0.0463098 0.376329 59.4118
0.386359 0.0232523 0.922055 84.8042 0.0401352 0.998311 -0.0419928 -4.7606 -0.921475 0.0532312 0.384774 59.7285
0.393374 0.0210008 0.919138 85.7329 0.0449251 0.998106 -0.0420322 -4.75053 -0.91828 0.0578268 0.391686 60.0613
0.400885 0.0204292 0.915901 86.4018 0.0476204 0.997935 -0.0431022 -4.79534 -0.91489 0.0608946 0.399084 60.3391
0.408754 0.0221426 0.912376 87.0998 0.0601439 0.996879 -0.0511385 -4.79849 -0.910661 0.0757769 0.406146 60.643
0.415058 0.0310829 0.909264 87.7931 0.0571098 0.996555 -0.0601363 -4.86429 -0.908001 0.0768879 0.411853 60.9235
0.421972 0.0437581 0.905552 88.8922 0.0542037 0.99583 -0.0733784 -4.75771 -0.904987 0.0800479 0.41784 61.5023
0.435088 0.0354334 0.899691 89.8191 0.0770672 0.994093 -0.0764207 -4.64225 -0.897084 0.102586 0.429787 61.9103
0.439623 0.037389 0.897404 90.5432 0.0788622 0.993668 -0.0800329 -4.65214 -0.894714 0.105956 0.43389 62.3258
0.443455 0.0406825 0.895373 90.9749 0.0790473 0.993302 -0.084282 -4.6984 -0.892804 0.108152 0.437268 62.6222
0.447019 0.0445329 0.893415 91.599 0.07923 0.992864 -0.0891326 -4.77359 -0.891009 0.110629 0.4403 63.0243
0.449579 0.0506206 0.891805 92.5421 0.0715534 0.993144 -0.0924444 -4.90963 -0.89037 0.105373 0.442874 63.6552
0.449787 0.05561 0.891403 93.3196 0.0460735 0.995286 -0.0853387 -5.14009 -0.891947 0.0794543 0.445105 64.1118
0.45431 0.0516645 0.889344 93.9855 0.04832 0.995418 -0.0825102 -5.19806 -0.889532 0.0804583 0.449732 64.4411
0.456367 0.0517588 0.888285 94.5021 0.0470505 0.995506 -0.0821791 -5.13467 -0.888547 0.0792981 0.451881 64.789
0.457095 0.0628966 0.887191 95.0996 0.0341177 0.995522 -0.0881546 -5.14462 -0.888763 0.0705639 0.452902 65.1465
0.461359 0.0635559 0.884934 95.7232 0.032151 0.995578 -0.0882642 -5.22598 -0.886631 0.0691729 0.457275 65.4558
0.461542 0.0653758 0.884706 96.2743 0.0313127 0.995459 -0.0898954 -5.28456 -0.886566 0.069193 0.457399 65.7718
0.465133 0.0587823 0.883287 96.8758 0.0472258 0.994724 -0.0910672 -5.26091 -0.88398 0.0840723 0.459903 66.1177
0.466942 0.0514024 0.882793 97.4526 0.0589906 0.994275 -0.089096 -5.45274 -0.882318 0.0936791 0.461236 66.4407
0.467576 0.0487615 0.882607 98.0666 0.0630989 0.994089 -0.0883482 -5.5287 -0.881698 0.097001 0.461735 66.8593
0.468086 0.048772 0.882336 98.6938 0.0624173 0.994157 -0.0880659 -5.64038 -0.881476 0.0962955 0.462307 67.2546
0.470427 0.0517762 0.880919 99.1911 0.0604396 0.994042 -0.0907009 -5.68129 -0.880367 0.0959105 0.464495 67.4812
0.472698 0.0491623 0.879852 99.7334 0.0727779 0.992854 -0.0945761 -5.66121 -0.878214 0.10874 0.465742 67.7949
0.477491 0.0460565 0.877429 100.284 0.0887114 0.990995 -0.100294 -5.58962 -0.874147 0.125727 0.469105 68.0981
0.482067 0.0451119 0.874972 100.796 0.0908588 0.990715 -0.101138 -5.63492 -0.87141 0.128254 0.473492 68.3006
0.48286 0.0436873 0.874607 101.365 0.095931 0.990105 -0.102419 -5.68352 -0.870427 0.133356 0.473891 68.7201
0.480199 0.038875 0.876298 102.048 0.105246 0.989247 -0.101559 -5.86911 -0.870823 0.140996 0.470944 69.4079
0.484369 0.0413635 0.873885 102.539 0.100174 0.98969 -0.102369 -5.93644 -0.86911 0.137125 0.475231 69.6194
0.487824 0.0425497 0.871905 102.952 0.0959453 0.990147 -0.102001 -6.0265 -0.867653 0.133414 0.478935 69.7525
0.493823 0.0447592 0.86841 103.401 0.090727 0.990572 -0.102648 -6.10851 -0.864817 0.129478 0.485106 69.8682
0.497754 0.0447281 0.866164 103.906 0.092305 0.990266 -0.104181 -6.17923 -0.862392 0.131808 0.48878 70.1563
0.500636 0.0474914 0.864354 104.419 0.0863744 0.990771 -0.104466 -6.32026 -0.861338 0.126957 0.491913 70.5587
0.506203 0.0544239 0.860695 104.908 0.0808421 0.990618 -0.110185 -6.39982 -0.858617 0.125356 0.497054 70.8607
0.519161 0.0653074 0.852177 105.375 0.0654077 0.991116 -0.115803 -6.4804 -0.85217 0.115859 0.510278 70.9214
0.528999 0.0745064 0.845346 105.951 0.0548357 0.991055 -0.121664 -6.51942 -0.846849 0.110715 0.520181 71.0839
0.531499 0.0758057 0.84366 106.309 0.0502552 0.991411 -0.120742 -6.74935 -0.845567 0.106573 0.523125 71.5186
0.542361 0.0769916 0.83661 106.728 0.0428343 0.991963 -0.119057 -6.82758 -0.839053 0.100408 0.534704 71.4847
0.542662 0.0785472 0.836271 107.218 0.0336782 0.992783 -0.115102 -6.90898 -0.839276 0.0906253 0.5361 71.9869
0.546842 0.0850573 0.832904 107.57 0.0138639 0.99377 -0.110587 -6.87031 -0.837121 0.0720212 0.542256 72.2517
0.554319 0.0776296 0.828676 108.108 0.0154149 0.994512 -0.103476 -6.9848 -0.832162 0.0701328 0.55008 72.5233
0.565154 0.067232 0.822241 108.51 0.0207313 0.995202 -0.0956238 -7.15002 -0.824725 0.0710883 0.561048 72.6682
0.574847 0.0669086 0.815521 108.972 0.0156414 0.995571 -0.0927059 -7.33094 -0.818112 0.0660476 0.571254 72.8845
0.584864 0.0666555 0.808388 109.384 0.0154447 0.995522 -0.0932598 -7.43257 -0.810985 0.0670296 0.581215 73.0503
0.589136 0.0776913 0.80429 109.931 -0.0019013 0.995498 -0.0947684 -7.44924 -0.808032 0.0543023 0.586631 73.4634
0.598408 0.0798454 0.797203 111.052 -0.00322693 0.995254 -0.0972593 -7.52887 -0.801185 0.0556282 0.595826 74.0075
0.609166 0.0866801 0.788291 111.81 -0.0045301 0.994373 -0.10584 -7.43323 -0.79303 0.0609031 0.606131 74.3919
0.615962 0.0946668 0.782067 112.547 -0.015725 0.994033 -0.107939 -7.41293 -0.787619 0.0541886 0.613775 74.8606
0.621536 0.0896247 0.778242 112.762 -0.0101389 0.994271 -0.106406 -7.40383 -0.78332 0.0582446 0.618884 75.2441
0.633823 0.0724432 0.770078 113.424 0.00852423 0.99489 -0.100608 -7.67315 -0.773431 0.0703318 0.629966 75.6032
0.644025 0.0696765 0.761825 113.938 0.0094439 0.995044 -0.0989902 -7.78736 -0.764946 0.0709467 0.640175 75.8315
0.651228 0.0724521 0.755416 114.467 0.00497404 0.995003 -0.0997191 -7.87088 -0.758866 0.0686973 0.647614 76.2982
0.656242 0.0732523 0.750986 114.703 -0.00965759 0.99601 -0.0887131 -8.04689 -0.754489 0.0509645 0.654331 76.7004
0.667192 0.0684099 0.741737 115.399 -0.00322361 0.99603 -0.0889635 -8.19839 -0.744878 0.0569647 0.664764 77.1624
0.673263 0.0694177 0.736137 116.038 -0.00491351 0.995981 -0.0894272 -8.25386 -0.739387 0.056591 0.670898 77.7105
0.68143 0.0660843 0.728894 116.708 -0.00164178 0.996051 -0.0887709 -8.31801 -0.731881 0.0592945 0.678848 78.1543
0.684151 0.0714167 0.725835 117.441 -0.00685538 0.99578 -0.0915155 -8.30239 -0.729308 0.0576345 0.681754 78.7725
0.687326 0.067499 0.723206 117.917 -0.000748472 0.995738 -0.0922238 -8.32198 -0.726349 0.0628465 0.684447 79.2586
0.69049 0.0668066 0.72025 118.554 0.00218602 0.995529 -0.0944357 -8.31993 -0.723338 0.0667814 0.687257 79.8282
0.694425 0.060425 0.717024 119.151 0.0074998 0.995806 -0.091182 -8.40281 -0.719526 0.0686965 0.691059 80.3754
0.699132 0.0493367 0.713288 119.769 0.0195483 0.995925 -0.0880465 -8.54045 -0.714725 0.0754997 0.695318 80.9221
0.694201 0.0507914 0.717987 120.275 0.0212245 0.995629 -0.0909535 -8.57554 -0.719468 0.0783789 0.690089 81.6795
0.699305 0.0576249 0.712496 120.866 0.00851858 0.996003 -0.088915 -8.73567 -0.714772 0.0682482 0.696019 82.0508
0.698635 0.0581675 0.71311 121.509 0.00924523 0.995873 -0.0902897 -8.8661 -0.715419 0.0696724 0.695213 82.956
0.702465 0.0642646 0.708811 122.091 -0.00414457 0.996268 -0.0862196 -8.98551 -0.711706 0.0576286 0.70011 83.3784
0.707792 0.0602542 0.703847 122.688 -0.00599777 0.996832 -0.0793044 -9.07534 -0.706396 0.0519095 0.705911 83.8523
0.711344 0.0603552 0.700248 123.298 -0.0132199 0.997279 -0.0725272 -9.15028 -0.70272 0.0423345 0.710206 84.441
0.714514 0.053869 0.697544 123.905 -0.0125736 0.997859 -0.0641818 -9.25082 -0.699508 0.0370881 0.713661 85.1203
0.715285 0.0582672 0.696399 124.517 -0.0198951 0.997812 -0.0630514 -9.34726 -0.69855 0.0312448 0.714879 85.8528
0.717293 0.0561003 0.694509 125.168 -0.0154795 0.99779 -0.064611 -9.44105 -0.696599 0.0355944 0.716577 86.706
0.722303 0.0540595 0.68946 125.762 -0.00700935 0.997461 -0.0708662 -9.49256 -0.691541 0.0463542 0.720848 87.2983
0.728824 0.0551519 0.682476 126.388 -0.00238025 0.996949 -0.0780229 -9.58109 -0.684697 0.0552405 0.726731 87.8655
0.730963 0.0568806 0.680042 126.99 -0.00533521 0.996966 -0.0776543 -9.77543 -0.682396 0.0531342 0.729049 88.6873
0.743309 0.063684 0.66591 127.723 -0.0207554 0.997174 -0.0721966 -9.95432 -0.668626 0.0398432 0.74253 89.1254
0.750476 0.0465817 0.659254 128.28 0.00116542 0.997418 -0.0718023 -9.85478 -0.660897 0.0546542 0.748484 89.6729
0.759009 0.041791 0.649738 128.9 0.00834706 0.997231 -0.0738926 -9.8676 -0.651027 0.0615085 0.756559 90.1469
0.761246 0.0519272 0.646381 129.504 -0.00269939 0.997034 -0.0769179 -10.0795 -0.648458 0.0568086 0.759128 90.9374
0.765209 0.0502085 0.641821 130.1 0.00402093 0.996562 -0.0827532 -10.0733 -0.643769 0.0659043 0.762377 91.6729
0.768916 0.0439961 0.637834 130.698 0.0110397 0.996567 -0.082049 -10.1364 -0.639255 0.0701303 0.765791 92.3935
0.776525 0.0208391 0.629742 131.275 0.0398075 0.995834 -0.0820396 -10.0081 -0.628828 0.0887743 0.77246 92.9036
0.778116 0.0179589 0.627863 131.863 0.0392268 0.996251 -0.07711 -10.1344 -0.626894 0.0846297 0.774495 93.5757
0.776281 0.0128159 0.630257 132.464 0.0438332 0.996276 -0.0742476 -10.2184 -0.628862 0.0852632 0.772828 94.4848
0.787159 0.0113631 0.616646 133.129 0.0471002 0.995803 -0.0784741 -10.1159 -0.614949 0.0908157 0.78332 94.5436
0.797792 0.00981341 0.602852 133.793 0.050291 0.9953 -0.082755 -10.0139 -0.600831 0.0963394 0.793549 94.6146
0.802775 0.0118976 0.596164 134.41 0.0514992 0.994682 -0.089198 -9.9992 -0.594054 0.102308 0.797893 95.1331
0.800539 0.0188005 0.598985 134.885 0.0435239 0.995044 -0.0894011 -10.1139 -0.597697 0.0976393 0.795754 95.849
0.793648 0.0211472 0.60801 135.367 0.0448242 0.994647 -0.0931049 -10.1666 -0.606724 0.101146 0.788451 96.7696
0.792823 0.0279515 0.608811 135.923 0.0350561 0.995202 -0.091343 -10.2722 -0.608443 0.0937614 0.788039 97.3019
0.789825 0.0287519 0.612658 136.418 0.0329147 0.995474 -0.0891503 -10.3901 -0.612448 0.0905786 0.785304 97.949
0.78715 0.0325269 0.615904 136.977 0.026533 0.995898 -0.0865053 -10.5334 -0.616191 0.0844344 0.783058 98.6718
0.782031 0.0307855 0.622479 137.485 0.0254765 0.996365 -0.0812831 -10.6585 -0.622719 0.0794244 0.778404 99.4283
0.778724 0.0325378 0.626523 138.076 0.0231709 0.996481 -0.080551 -10.7565 -0.626939 0.0772441 0.77523 100.187
0.777498 0.0362195 0.627842 138.68 0.0232136 0.996007 -0.0862054 -10.8463 -0.628457 0.081599 0.773552 100.833
0.771486 0.0503785 0.634249 139.326 0.0122173 0.995503 -0.0939338 -10.9583 -0.636129 0.0802174 0.767401 101.771
0.769811 0.0431376 0.636813 139.743 0.029618 0.994225 -0.103152 -11.0794 -0.637585 0.0982689 0.764087 102.309
0.769876 0.0472314 0.636444 140.433 0.0250601 0.994251 -0.104099 -11.1061 -0.637702 0.0960925 0.764266 102.978
0.766117 0.0456473 0.641077 140.99 0.0238485 0.994769 -0.0993316 -11.2142 -0.642258 0.0913884 0.761021 103.661
0.763564 0.0434965 0.644265 141.59 0.021559 0.995455 -0.0927575 -11.3271 -0.645372 0.084716 0.759156 104.341
0.763275 0.0431867 0.644629 142.218 0.023297 0.995275 -0.094263 -11.3873 -0.645654 0.0869664 0.758662 104.936
0.759839 0.0409733 0.648818 142.761 0.0246936 0.995473 -0.0917836 -11.5009 -0.649642 0.0857625 0.755388 105.596
0.759245 0.0353185 0.649845 143.34 0.0346416 0.994918 -0.0945463 -11.6125 -0.649882 0.0942956 0.754163 106.207
0.757697 0.0388649 0.651448 143.999 0.0350357 0.994363 -0.100073 -11.6616 -0.651665 0.0986489 0.752064 106.866
0.756021 0.0292779 0.653893 144.551 0.0504023 0.993429 -0.102755 -11.7995 -0.652604 0.110643 0.749577 107.481
0.752326 0.0227148 0.658399 145.095 0.0608296 0.992741 -0.103757 -11.9352 -0.655976 0.118109 0.745483 108.118
0.749041 0.024017 0.662088 145.692 0.0601259 0.992755 -0.104034 -12.0136 -0.659789 0.117735 0.74217 108.762
0.74579 0.0223536 0.665806 146.279 0.0616447 0.992833 -0.102383 -12.1172 -0.663322 0.1174 0.739067 109.4
0.741383 0.0237925 0.67066 146.882 0.0641074 0.99229 -0.10607 -12.158 -0.668013 0.121633 0.734142 110.075
0.735551 0.0299705 0.676806 147.482 0.0612126 0.991994 -0.110453 -12.2816 -0.674698 0.122673 0.727828 110.744
0.733574 0.0279185 0.679036 148.144 0.0702877 0.990681 -0.116665 -12.2744 -0.675965 0.13331 0.724775 111.365
0.728472 0.0246523 0.684632 148.84 0.0750657 0.990463 -0.115537 -12.4903 -0.68095 0.135558 0.719674 112.104
0.722953 0.0189042 0.690638 149.556 0.0776454 0.99107 -0.108406 -12.5692 -0.68652 0.131997 0.715029 112.805
0.717787 0.017482 0.696043 150.286 0.0707914 0.992672 -0.0979351 -12.6235 -0.692654 0.11957 0.71129 113.451
0.709693 0.0131707 0.704388 150.862 0.0720441 0.993227 -0.0911582 -12.7058 -0.700817 0.115441 0.703938 114.053
0.701345 0.0195384 0.712555 151.55 0.0632856 0.99397 -0.0895449 -12.7779 -0.710008 0.107896 0.695879 114.844
0.692322 0.0216047 0.721265 152.127 0.0638214 0.993801 -0.0910286 -12.8729 -0.71876 0.109053 0.686652 115.442
0.686802 0.0201151 0.726567 152.69 0.071799 0.99285 -0.0953566 -12.9117 -0.72329 0.117658 0.680447 115.931
0.676937 0.0309393 0.73539 153.241 0.0677439 0.992256 -0.104105 -13.0302 -0.732917 0.120291 0.669599 116.572
0.672174 0.0307042 0.739756 153.946 0.0711924 0.99183 -0.105855 -13.162 -0.736962 0.123818 0.664497 117.053
0.667484 0.0248081 0.744211 154.689 0.077066 0.991776 -0.102181 -13.2569 -0.740625 0.125558 0.660083 117.553
0.659449 0.0246038 0.751347 155.35 0.0732092 0.992612 -0.0967593 -13.2846 -0.748176 0.118813 0.652775 118.155
0.655352 0.0212012 0.755026 156.012 0.0703063 0.993554 -0.088924 -13.5461 -0.752044 0.11136 0.649637 118.55
0.648962 0.0226581 0.760483 156.661 0.071281 0.993349 -0.0904243 -13.5588 -0.757474 0.11289 0.643031 119.029
0.643696 0.0200305 0.765019 157.363 0.0747575 0.99323 -0.0889076 -13.6823 -0.761621 0.11442 0.637841 119.585
0.638083 0.0141752 0.769837 158.034 0.0797786 0.993232 -0.0844134 -13.7463 -0.765823 0.115279 0.632633 120.112
0.633577 0.00967209 0.77362 158.936 0.087738 0.992573 -0.0842649 -13.8188 -0.768689 0.121264 0.628022 120.919
0.629124 0.00614271 0.777281 159.783 0.0898598 0.99269 -0.0805767 -13.9916 -0.772093 0.120539 0.623973 121.698
0.624921 0.00906376 0.780635 160.513 0.0846775 0.993246 -0.0793191 -14.1891 -0.776082 0.11567 0.619933 122.271
0.621831 0.00563226 0.783131 161.307 0.0971766 0.991691 -0.0842935 -14.2624 -0.777099 0.128518 0.616117 122.97
0.618228 0.0115893 0.785914 162.14 0.095402 0.991392 -0.089666 -14.4168 -0.780188 0.130412 0.6118 123.7
0.614458 0.0156689 0.788794 162.781 0.09237 0.991498 -0.0916502 -14.4968 -0.783523 0.129176 0.607787 124.257
0.611101 0.0160249 0.79139 163.438 0.0814849 0.99321 -0.0830331 -14.7129 -0.787347 0.115228 0.605646 124.778
0.611182 0.00578812 0.791469 164.113 0.0847963 0.993739 -0.0727481 -14.8241 -0.786935 0.111576 0.606865 125.225
0.612939 -0.00209056 0.790128 164.875 0.100571 0.992069 -0.0753924 -14.7704 -0.783704 0.125675 0.608288 125.788
0.611455 -0.00489322 0.791264 165.606 0.0994331 0.992529 -0.0706997 -14.975 -0.785007 0.121908 0.607373 126.386
0.611675 -0.00267713 0.791104 166.251 0.103267 0.991708 -0.0764892 -14.9808 -0.78434 0.128482 0.60688 126.782
0.610099 0.00467544 0.792311 166.885 0.100704 0.991415 -0.0833952 -15.0596 -0.785899 0.130669 0.604391 127.259
0.608686 0.0101812 0.793346 167.48 0.104612 0.990158 -0.0929695 -15.0911 -0.786484 0.139583 0.601631 127.688
0.607676 0.00785716 0.794146 168.102 0.114713 0.988597 -0.0975584 -15.1238 -0.785857 0.150383 0.599845 128.122
0.60682 -0.000256911 0.794839 168.768 0.118443 0.988864 -0.0901058 -15.1936 -0.785965 0.148821 0.600093 128.659
0.60384 -0.0077762 0.797067 169.38 0.115487 0.990255 -0.077829 -15.2428 -0.788695 0.139047 0.598854 129.155
0.601371 -0.00951892 0.798913 169.873 0.107734 0.991763 -0.0692783 -15.2682 -0.791673 0.127732 0.597443 129.472
0.598293 -0.00331212 0.801271 170.512 0.0998538 0.992504 -0.0704562 -15.3892 -0.795031 0.122163 0.594139 130.041
0.594444 -0.00186743 0.804135 171.301 0.106459 0.991378 -0.076396 -15.4154 -0.797059 0.131021 0.589517 130.785
0.591693 -4.56424e-05 0.806164 171.832 0.108451 0.990914 -0.0795426 -15.4654 -0.798835 0.134494 0.586322 131.109
0.591484 0.000398892 0.806316 172.495 0.108942 0.990791 -0.0804059 -15.4469 -0.798923 0.1354 0.585994 131.466
0.591596 -0.000404538 0.806235 173.098 0.110009 0.990688 -0.0802248 -15.5076 -0.798694 0.136154 0.586131 131.88
0.586883 0.00217015 0.809669 173.61 0.103693 0.99156 -0.0778186 -15.6844 -0.803005 0.129627 0.581705 132.37
0.580076 0.0144973 0.814434 174.102 0.08377 0.993479 -0.0773491 -15.935 -0.810244 0.113093 0.575078 132.77
0.576285 0.0144602 0.817121 174.649 0.0870684 0.993067 -0.0789799 -15.9967 -0.812598 0.11666 0.57103 133.147
0.5851 0.010405 0.810894 175.695 0.0883947 0.993142 -0.0765246 -16.2071 -0.806129 0.116453 0.580168 133.35
0.57733 0.0112107 0.816434 176.237 0.0843793 0.993733 -0.073313 -16.4394 -0.812139 0.111216 0.572766 133.86
0.569038 0.0197628 0.822073 176.906 0.0785446 0.993834 -0.0782605 -16.5393 -0.818551 0.109103 0.563977 134.574
0.562548 0.025841 0.82636 177.387 0.0728662 0.994072 -0.0806894 -16.6242 -0.823547 0.105605 0.557331 134.894
0.55559 0.0197079 0.831223 178.071 0.0762215 0.994302 -0.074521 -17.0254 -0.827956 0.10476 0.550922 135.552
0.54868 0.030007 0.835493 178.638 0.0646819 0.994837 -0.0782074 -17.0908 -0.833526 0.0969522 0.543907 135.895
0.538308 0.042994 0.841651 179.07 0.0471715 0.995595 -0.0810281 -17.1749 -0.841427 0.08332 0.533908 136.257
0.534867 0.0456907 0.8437 179.665 0.0443351 0.995644 -0.0820256 -17.1867 -0.843773 0.0812782 0.530511 136.601
0.527329 0.0525095 0.848037 180.29 0.034947 0.995904 -0.0833961 -17.3424 -0.848942 0.0736136 0.523334 137.026
0.514953 0.045601 0.856005 180.675 0.0432041 0.995934 -0.0790459 -17.479 -0.856129 0.0776878 0.510889 137.49
0.505239 0.0687997 0.860232 181.369 0.0150979 0.99596 -0.0885223 -17.7329 -0.862847 0.0577126 0.502159 137.885
0.495157 0.0684295 0.866105 181.915 0.0139396 0.996139 -0.0866726 -17.9207 -0.868692 0.0549897 0.492291 138.316
0.48866 0.0709977 0.869581 182.461 0.0108164 0.996114 -0.0874069 -18.0063 -0.872407 0.0521181 0.485993 138.501
0.477215 0.0722557 0.875811 182.984 0.0139714 0.995864 -0.089773 -18.0148 -0.878675 0.0550773 0.474232 138.888
0.469801 0.0771754 0.879392 183.678 0.00876844 0.995714 -0.0920682 -18.1288 -0.882729 0.0509647 0.467111 139.31
0.466361 0.0747595 0.88143 184.452 0.0136144 0.995698 -0.0916545 -18.2582 -0.88449 0.0547442 0.463337 139.607
0.458003 0.0782598 0.885499 185.201 0.0112235 0.995529 -0.0937892 -18.326 -0.88888 0.052894 0.455076 140.03
0.449199 0.0814762 0.889709 185.905 0.00466915 0.995605 -0.0935312 -18.4538 -0.893419 0.0461683 0.446845 140.404
0.4421 0.0776938 0.893595 186.577 0.00528619 0.995999 -0.0892126 -18.5374 -0.89695 0.0441646 0.43992 140.731
0.435778 0.072817 0.897104 187.348 0.00846357 0.996346 -0.0849838 -18.6062 -0.900014 0.0446268 0.43357 141.148
0.429986 0.0698159 0.900132 188.121 0.0106214 0.996545 -0.0823677 -18.6958 -0.902773 0.0449777 0.427759 141.503
0.42604 0.0695589 0.902026 188.91 0.0105207 0.996592 -0.0818202 -18.6756 -0.904643 0.0443486 0.423856 141.84
0.422135 0.0648286 0.904212 189.682 0.0118213 0.996961 -0.0769972 -18.7435 -0.906456 0.0431922 0.420086 142.119
0.416179 0.063687 0.90705 190.211 0.0140831 0.996973 -0.0764625 -18.8412 -0.909174 0.0445962 0.414022 142.332
0.41085 0.0737642 0.908714 190.748 0.0127754 0.996158 -0.0866384 -18.842 -0.911613 0.0472046 0.408329 142.523
0.40752 0.0742405 0.910174 191.05 0.0292283 0.995119 -0.0942559 -19.0228 -0.912728 0.0650139 0.403361 142.69
0.402307 0.082217 0.911806 191.669 0.0314342 0.994132 -0.10351 -19.0403 -0.914965 0.0703045 0.397361 142.966
0.398519 0.0761587 0.913993 192.476 0.0392072 0.994221 -0.0999388 -19.141 -0.916322 0.0756626 0.39323 143.293
0.394699 0.0664022 0.916408 193.34 0.0473562 0.994589 -0.0924636 -19.2167 -0.917589 0.0798929 0.389419 143.651
0.389467 0.0558594 0.919345 194.083 0.0556276 0.99491 -0.0840166 -19.4679 -0.919359 0.0838627 0.384378 143.984
0.385411 0.0632432 0.920575 195.142 0.0527126 0.99451 -0.0903914 -19.5807 -0.921238 0.0833638 0.379962 144.393
0.381382 0.0707782 0.921704 195.85 0.046017 0.994375 -0.0953995 -19.7879 -0.923271 0.0787977 0.37598 144.741
0.376657 0.0787921 0.922996 196.761 0.0367138 0.994324 -0.0998633 -19.735 -0.925625 0.0715009 0.371626 145.075
0.370753 0.0768353 0.925548 197.496 0.0312564 0.994975 -0.0951195 -19.8025 -0.928205 0.0641951 0.366489 145.319
0.365865 0.0749334 0.927647 198.418 0.0287825 0.995366 -0.0917554 -19.8887 -0.930223 0.06027 0.362012 145.625
0.359365 0.0724994 0.930377 198.639 0.0311365 0.995491 -0.0896002 -20.0554 -0.932677 0.0611679 0.355487 145.777
0.353508 0.0755402 0.932376 199.46 0.0290564 0.995366 -0.0916602 -20.1551 -0.93498 0.0594942 0.349675 146.088
0.349874 0.0766886 0.933653 200.416 0.03259 0.995044 -0.0939439 -20.2423 -0.93623 0.0632962 0.34564 146.435
0.348194 0.0712772 0.934709 201.542 0.0435157 0.994801 -0.0920699 -20.3896 -0.936412 0.0727327 0.343282 146.799
0.343302 0.070883 0.936546 202.46 0.0448547 0.994773 -0.0917319 -20.4987 -0.938153 0.0735003 0.338329 147.215
0.339498 0.071298 0.937901 202.961 0.0449195 0.994756 -0.0918799 -20.5728 -0.939534 0.073323 0.334515 147.35
0.336793 0.0693995 0.939018 203.843 0.0480572 0.994713 -0.0907522 -20.6552 -0.940351 0.0756912 0.331678 147.671
0.335753 0.064236 0.939757 204.849 0.053218 0.994785 -0.0870108 -20.8281 -0.940446 0.0792261 0.330583 148.057
0.335519 0.0614462 0.940027 205.704 0.0535314 0.995014 -0.0841472 -20.8873 -0.940511 0.078554 0.330557 148.268
0.334632 0.0621338 0.940298 207.15 0.0505003 0.995208 -0.0837341 -20.9494 -0.940995 0.0755055 0.32989 148.622
0.33203 0.0656928 0.940978 208.084 0.0474349 0.995147 -0.0862122 -21.0464 -0.942075 0.0732603 0.327303 148.951
0.323013 0.064614 0.944186 208.536 0.047391 0.995311 -0.0843254 -21.22 -0.945207 0.0719841 0.318436 149.453
0.321319 0.065196 0.944724 209.373 0.0473541 0.995273 -0.0847904 -21.2582 -0.945786 0.0719813 0.316713 149.691
0.318732 0.0638475 0.945692 210.163 0.0471423 0.995426 -0.0830938 -21.362 -0.946672 0.0710667 0.314264 150.01
0.319271 0.0583253 0.945867 211.117 0.0484513 0.995794 -0.0777584 -21.4735 -0.946424 0.0706544 0.315102 150.23
0.315924 0.0663542 0.946461 212.158 0.0383668 0.995842 -0.0826228 -21.4433 -0.948008 0.0624152 0.312064 150.569
0.312955 0.0697256 0.947205 213.178 0.0334769 0.995872 -0.0843688 -21.5351 -0.949178 0.0581132 0.309329 150.978
0.310667 0.0802965 0.947121 214.003 0.0296748 0.99512 -0.0940996 -21.6129 -0.950055 0.0573393 0.306769 151.227
0.309416 0.0794163 0.947605 215.176 0.0355547 0.994844 -0.0949847 -21.6904 -0.950262 0.0630816 0.304997 151.623
0.305079 0.0820112 0.948789 216.13 0.031074 0.994897 -0.0959884 -21.8209 -0.95182 0.0587667 0.300974 151.977
0.301487 0.0789978 0.950192 216.793 0.023462 0.995645 -0.090221 -21.9341 -0.953182 0.0494938 0.298321 152.217
0.296166 0.0728635 0.952353 217.787 0.0231133 0.996247 -0.0834096 -22.0284 -0.954857 0.0467151 0.29337 152.497
0.294586 0.0664564 0.953311 218.728 0.0273853 0.996582 -0.0779353 -22.1445 -0.955232 0.0490654 0.29176 152.728
0.289426 0.0695641 0.954669 219.63 0.0228821 0.996568 -0.0795542 -22.1978 -0.956927 0.0448699 0.28684 153.018
0.283117 0.072498 0.956341 220.462 0.0205237 0.996453 -0.0816145 -22.2765 -0.958866 0.0427341 0.280625 153.349
0.279668 0.073129 0.957308 221.358 0.0213549 0.996374 -0.082352 -22.3465 -0.959859 0.0434745 0.277093 153.582
0.276686 0.0728391 0.958196 222.321 0.0219807 0.996383 -0.0820891 -22.4354 -0.960709 0.0437748 0.274084 153.845
0.2733 0.0758676 0.958932 223.249 0.0160996 0.996384 -0.0834192 -22.4866 -0.961794 0.0382369 0.271091 154.032
0.266783 0.0770758 0.96067 224.075 0.0164142 0.996289 -0.0844919 -22.4977 -0.963617 0.0383097 0.264528 154.325
0.26005 0.0835154 0.961977 224.939 0.00673047 0.996072 -0.0882949 -22.562 -0.965572 0.0294357 0.258467 154.568
0.255225 0.0828601 0.963325 225.815 0.00537505 0.996184 -0.0871106 -22.6655 -0.966867 0.0274107 0.253805 154.779
0.250992 0.0826398 0.964455 226.597 0.000974885 0.996327 -0.0856245 -22.7561 -0.967989 0.0224313 0.24999 154.967
0.246852 0.0857664 0.96525 227.407 -0.00308813 0.99614 -0.0877213 -22.8201 -0.969048 0.0186734 0.246164 155.14
0.242455 0.0889325 0.966078 228.162 -0.00464478 0.995885 -0.0905106 -22.9051 -0.970152 0.0174575 0.24187 155.361
0.242783 0.0964209 0.965277 229.155 -0.00758532 0.995206 -0.0975027 -22.96 -0.970051 0.01635 0.24235 155.552
0.237798 0.0993817 0.966217 230.035 -0.00995074 0.994949 -0.099888 -23.0963 -0.971264 0.0141385 0.237585 155.818
0.232919 0.0973816 0.967608 230.892 -0.0140403 0.995207 -0.0967794 -23.203 -0.972395 0.00895627 0.23317 156.04
0.228044 0.0953548 0.96897 231.749 -0.0181452 0.995436 -0.0936889 -23.3068 -0.973482 0.00378301 0.228734 156.258
0.22359 0.092373 0.970296 232.573 -0.0194473 0.995724 -0.0903124 -23.4024 -0.974489 0.00132325 0.22443 156.51
0.219222 0.0932957 0.971204 233.516 -0.0204159 0.995638 -0.0910346 -23.4758 -0.975461 0.000128783 0.220171 156.733
0.215926 0.0976945 0.97151 234.413 -0.0267144 0.995201 -0.0941393 -23.5017 -0.976044 -0.00562617 0.217499 156.897
0.21154 0.0995411 0.972287 235.391 -0.0267958 0.995017 -0.0960382 -23.6245 -0.977002 -0.00573731 0.213153 157.139
0.207409 0.10262 0.972857 236.253 -0.0264103 0.994708 -0.0992945 -23.7117 -0.977898 -0.00509892 0.209021 157.319
0.203145 0.097058 0.974326 237.131 -0.0176216 0.995276 -0.0954708 -23.8091 -0.97899 0.00222518 0.203896 157.485
0.20095 0.0891271 0.975539 238.02 -0.00761026 0.995964 -0.0894256 -23.948 -0.979572 0.010546 0.200817 157.627
0.196582 0.0883198 0.976501 238.943 -0.00562955 0.99602 -0.0889518 -24.0662 -0.980471 0.0119891 0.196297 157.768
0.192449 0.100946 0.976101 239.794 -0.00550652 0.99479 -0.101793 -24.1584 -0.981292 0.0142151 0.192002 157.949
0.184372 0.114784 0.976131 240.82 -0.010746 0.993333 -0.114777 -24.289 -0.982798 0.0106722 0.184377 158.136
0.176044 0.12283 0.976689 242.285 -0.0221853 0.992428 -0.120811 -24.4733 -0.984132 -0.000400083 0.177436 158.573
0.170612 0.117335 0.978327 243.096 -0.0238241 0.993086 -0.11495 -24.5736 -0.98505 -0.00369584 0.172227 158.681
0.165476 0.107798 0.980305 243.91 -0.0220239 0.994164 -0.105605 -24.7018 -0.985968 -0.00411508 0.166885 158.785
0.15847 0.10431 0.981838 245.164 -0.0284039 0.994474 -0.101068 -24.8584 -0.986955 -0.0118717 0.160557 159.258
0.152846 0.104082 0.982754 246.117 -0.0310966 0.994453 -0.100484 -24.9826 -0.987761 -0.0152017 0.155235 159.412
0.145873 0.102146 0.984016 246.953 -0.032908 0.994606 -0.0983665 -25.0591 -0.988756 -0.018033 0.148447 159.526
0.139318 0.0978519 0.985401 247.715 -0.035884 0.994951 -0.0937268 -25.1537 -0.989597 -0.0223023 0.142126 159.578
0.130701 0.0940435 0.986951 248.549 -0.0344414 0.995321 -0.09028 -25.2505 -0.990823 -0.0221922 0.133329 159.718
0.122659 0.0972843 0.987669 249.581 -0.0383253 0.994906 -0.0932375 -25.3202 -0.991709 -0.0264164 0.125762 159.869
0.115114 0.102 0.988102 250.036 -0.0375923 0.994449 -0.0982758 -25.4257 -0.992641 -0.0258321 0.11831 159.715
0.10845 0.104573 0.988586 251.156 -0.0358359 0.994217 -0.101237 -25.5043 -0.993456 -0.0244476 0.11157 159.854
0.102016 0.101615 0.989579 252.005 -0.0303629 0.994624 -0.0990028 -25.6191 -0.994319 -0.0199466 0.104553 159.947
0.0971153 0.0963652 0.990597 252.585 -0.025543 0.995215 -0.0943103 -25.7872 -0.994945 -0.0161438 0.099112 160.082
0.090596 0.0974045 0.991113 253.25 -0.0241429 0.995128 -0.0955923 -25.7879 -0.995595 -0.0152681 0.0925062 159.998
0.0871084 0.0996999 0.991197 254.211 -0.02096 0.994943 -0.0982346 -25.8532 -0.995978 -0.0122185 0.0887575 160.052
0.0837521 0.103858 0.99106 255.104 -0.0208243 0.994519 -0.102461 -25.9543 -0.996269 -0.0120568 0.0854558 160.095
0.0796186 0.105818 0.991193 256.018 -0.0208587 0.994309 -0.104475 -26.0712 -0.996607 -0.0123569 0.0813727 160.206
0.077978 0.104665 0.991446 256.97 -0.0144557 0.994488 -0.10385 -26.1657 -0.99685 -0.00623401 0.0790612 160.269
0.0764459 0.0992166 0.992125 257.306 -0.00862342 0.995065 -0.0988462 -26.3363 -0.997036 -0.000999122 0.0769243 160.262
0.075716 0.0967468 0.992425 258.021 -0.00357553 0.995302 -0.0967545 -26.4301 -0.997123 0.00377742 0.0757062 160.221
0.0737443 0.0949305 0.992749 258.677 -0.000156478 0.99546 -0.0951782 -26.5943 -0.997277 0.0068635 0.0734244 160.261
0.0717182 0.096137 0.992781 259.111 0.00175459 0.99533 -0.0965106 -26.6526 -0.997423 0.00866349 0.0712147 160.276
0.0663966 0.108731 0.991851 259.977 -0.0140277 0.994048 -0.108033 -26.6003 -0.997695 -0.00674035 0.0675267 160.373
0.0678553 0.109511 0.991667 260.602 -0.0068292 0.993985 -0.1093 -26.6412 -0.997672 0.000644263 0.0681951 160.26
0.0693058 0.11455 0.990997 261.708 -0.0107838 0.993414 -0.114076 -26.6098 -0.997537 -0.00278065 0.0700847 160.261
0.0724736 0.112738 0.990978 262.535 -0.00299288 0.993611 -0.112819 -26.7206 -0.997366 0.00521048 0.0723479 160.319
0.0734307 0.112436 0.990942 263.261 -0.0023849 0.993641 -0.112566 -26.8364 -0.997297 0.00590249 0.0732319 160.398
0.0765026 0.109757 0.99101 264.257 0.000826417 0.993915 -0.110143 -26.9373 -0.997069 0.00924519 0.0759464 160.506
0.078253 0.107341 0.991138 265.008 0.000629263 0.994181 -0.10772 -27.0379 -0.996933 0.00905308 0.0777301 160.592
0.0794082 0.105319 0.991263 265.856 -0.00599834 0.994436 -0.105175 -27.1387 -0.996824 0.00240586 0.0795981 160.692
0.0836183 0.101309 0.991335 266.675 -0.00545156 0.99485 -0.101208 -27.2461 -0.996483 0.00305854 0.0837399 160.701
0.0886215 0.097406 0.991291 267.415 -0.0033129 0.99523 -0.0974969 -27.3258 -0.99606 0.00535627 0.0885215 160.742
0.0905324 0.101482 0.990709 268.195 -0.0148955 0.994821 -0.100542 -27.4198 -0.995782 -0.00565481 0.0915752 160.849
0.092176 0.10582 0.990104 268.843 -0.0231267 0.994296 -0.104115 -27.4243 -0.995474 -0.0133009 0.0940975 160.996
0.0960659 0.108547 0.989439 269.58 -0.0288356 0.993922 -0.106239 -27.4679 -0.994957 -0.0183251 0.0986121 161.074
0.102026 0.10467 0.98926 270.412 -0.0257093 0.994394 -0.102562 -27.5854 -0.994449 -0.0149693 0.104145 161.075
0.0993304 0.108104 0.989165 270.928 -0.0438386 0.993591 -0.104185 -27.5762 -0.994088 -0.0330149 0.103433 161.283
0.102881 0.105295 0.989105 271.618 -0.0451905 0.993849 -0.101099 -27.7104 -0.993667 -0.0342969 0.107006 161.37
0.110512 0.105249 0.988286 272.38 -0.0423149 0.993974 -0.101123 -27.8058 -0.992974 -0.0306439 0.114299 161.412
0.116719 0.104482 0.987654 272.97 -0.0369008 0.994221 -0.100816 -27.896 -0.992479 -0.0246781 0.1199 161.454
0.120007 0.105203 0.987183 273.625 -0.0359695 0.994177 -0.101576 -27.9913 -0.992121 -0.0233187 0.123092 161.532
0.121492 0.109679 0.986514 274.283 -0.0363022 0.993702 -0.106008 -28.0359 -0.991928 -0.0229336 0.124709 161.701
0.125241 0.108388 0.986188 275.071 -0.037215 0.993828 -0.104502 -28.1569 -0.991428 -0.023613 0.128501 161.785
0.13455 0.0992412 0.985925 275.629 -0.0195081 0.995045 -0.0974969 -28.3398 -0.990715 -0.00611531 0.135819 161.787
0.138913 0.0962624 0.985615 276.048 -0.0185064 0.995343 -0.0946043 -28.4407 -0.990132 -0.00509842 0.140047 161.897
0.145337 0.0945367 0.984855 276.68 -0.01904 0.995507 -0.0927494 -28.5227 -0.989199 -0.00527176 0.146484 161.955
0.147949 0.0957501 0.984349 277.086 -0.0222141 0.995373 -0.0934836 -28.5667 -0.988746 -0.00803565 0.149391 162.007
0.1477 0.106591 0.983272 277.669 -0.037029 0.994074 -0.1022 -28.6145 -0.988339 -0.0213147 0.150771 162.126
0.151064 0.105196 0.982911 278.267 -0.0328335 0.994307 -0.101369 -28.6753 -0.987979 -0.0169591 0.153658 162.213
0.155307 0.105845 0.982179 278.883 -0.034818 0.994212 -0.101637 -28.718 -0.987252 -0.0184126 0.158093 162.297
0.159349 0.104929 0.98163 279.498 -0.0370301 0.994271 -0.100269 -28.7971 -0.986528 -0.0203721 0.162322 162.336
0.15897 0.111804 0.980933 280.031 -0.045168 0.99335 -0.105899 -28.7951 -0.98625 -0.027472 0.162962 162.486
0.161746 0.112954 0.980347 280.54 -0.0496184 0.993102 -0.106237 -28.8543 -0.985584 -0.0314599 0.166235 162.581
0.164624 0.116566 0.979444 281.081 -0.0516053 0.99265 -0.109464 -28.8565 -0.985006 -0.0325243 0.169429 162.639
0.16958 0.114734 0.978815 281.59 -0.0455732 0.99305 -0.108507 -28.9702 -0.984462 -0.026207 0.173631 162.683
0.172692 0.116078 0.978112 282.023 -0.0454279 0.992913 -0.109814 -28.9791 -0.983928 -0.0254695 0.176741 162.699
0.172525 0.117099 0.97802 282.706 -0.0406727 0.992909 -0.111707 -28.9886 -0.984165 -0.0205065 0.176064 162.902
0.173744 0.117972 0.977699 283.097 -0.0412615 0.992799 -0.112461 -29.0525 -0.983926 -0.0208018 0.177361 163.049
0.17483 0.119074 0.977372 283.555 -0.0393692 0.992712 -0.113901 -29.1116 -0.983811 -0.0185651 0.178243 163.114
0.174011 0.122827 0.977054 284.151 -0.043366 0.992184 -0.117006 -29.1319 -0.983788 -0.0220107 0.177977 163.208
0.173422 0.123377 0.977089 284.67 -0.0437469 0.992108 -0.117509 -29.1908 -0.983876 -0.0223661 0.17745 163.351
0.171486 0.123068 0.977469 285.109 -0.0445596 0.99212 -0.117096 -29.2505 -0.984178 -0.0234753 0.175619 163.442
0.169899 0.122474 0.977821 285.609 -0.0460452 0.99215 -0.116268 -29.3004 -0.984385 -0.02527 0.174205 163.547
0.169691 0.122361 0.977872 285.972 -0.0420024 0.992258 -0.116872 -29.3802 -0.984602 -0.0212407 0.173517 163.627
0.16654 0.126649 0.977867 286.459 -0.0413203 0.991742 -0.121409 -29.4229 -0.985169 -0.0201864 0.170398 163.71
0.164586 0.134364 0.977168 286.899 -0.0393501 0.990784 -0.129609 -29.3534 -0.985578 -0.0171199 0.168356 163.767
0.161567 0.139585 0.97694 287.522 -0.0388285 0.990079 -0.135041 -29.4212 -0.986098 -0.016115 0.165384 163.919
0.160967 0.140959 0.976842 288.047 -0.0379303 0.989901 -0.136593 -29.5552 -0.986231 -0.0150649 0.164688 163.91
0.160835 0.138697 0.977187 288.534 -0.0333083 0.990276 -0.135073 -29.6567 -0.986419 -0.010824 0.163891 163.994
0.1607 0.134451 0.977803 289.161 -0.0268982 0.990907 -0.131832 -29.77 -0.986637 -0.00511567 0.162855 163.998
0.160181 0.12931 0.978581 289.788 -0.0199694 0.991604 -0.127762 -29.8855 -0.986886 0.000923388 0.161419 164.017
0.157735 0.130947 0.978761 290.346 -0.0216895 0.991389 -0.129141 -29.8925 -0.987243 -0.000858779 0.159217 164.081
0.15708 0.131176 0.978835 290.923 -0.0219219 0.991358 -0.129336 -30.0648 -0.987342 -0.00114175 0.158599 164.112
0.156009 0.133992 0.978625 291.539 -0.0254991 0.990973 -0.131618 -30.1254 -0.987426 -0.00442052 0.158017 164.177
0.151208 0.134462 0.979314 292.054 -0.0215215 0.990918 -0.132732 -30.1245 -0.988268 -0.00100612 0.152729 164.352
0.14952 0.132738 0.979808 292.554 -0.017419 0.991148 -0.131616 -30.1794 -0.988605 0.00261191 0.150509 164.448
0.148089 0.132746 0.980025 293.278 -0.0155695 0.991141 -0.131899 -30.2713 -0.988851 0.00427432 0.148844 164.519
0.146814 0.13203 0.980313 294.127 -0.0135213 0.991227 -0.131475 -30.4509 -0.989072 0.00604733 0.147311 164.583
0.144555 0.134858 0.980264 294.688 -0.0189498 0.990865 -0.133521 -30.5096 -0.989315 0.000725403 0.14579 164.655
0.143269 0.140748 0.979624 295.39 -0.0232723 0.990041 -0.138841 -30.5679 -0.98941 -0.00290648 0.145118 164.736
0.140218 0.14325 0.979703 296.018 -0.0221624 0.989685 -0.141538 -30.6956 -0.989873 -0.00186647 0.141946 164.869
0.139119 0.140887 0.980202 296.709 -0.0258791 0.990007 -0.138623 -30.8298 -0.989937 -0.00608166 0.141375 164.957
0.136131 0.140233 0.980716 297.571 -0.0304874 0.990055 -0.137337 -30.9732 -0.990222 -0.0112037 0.139052 165.121
0.130383 0.141909 0.981255 298.312 -0.0314381 0.989798 -0.138967 -31.0571 -0.990965 -0.0127299 0.133514 165.268
0.135589 0.145414 0.980036 299.069 -0.024963 0.989358 -0.143344 -31.1564 -0.990451 -0.00502884 0.137776 165.243
0.13426 0.150429 0.979462 299.757 -0.0209935 0.988621 -0.148958 -31.26 -0.990724 -0.000563317 0.13589 165.334
0.133948 0.153482 0.979031 300.466 -0.018411 0.988149 -0.152393 -31.3818 -0.990817 0.00238785 0.135187 165.422
0.139464 0.153874 0.978199 301.166 -0.0142475 0.988062 -0.153394 -31.4528 -0.990125 0.00745609 0.139992 165.39
0.137214 0.148879 0.979289 301.912 -0.0120731 0.988818 -0.148636 -31.5806 -0.990468 0.00857193 0.137478 165.52
0.138181 0.144068 0.979873 302.629 -0.0104588 0.989521 -0.144012 -31.7348 -0.990352 0.0096514 0.138239 165.532
0.13859 0.144962 0.979683 303.397 -0.0125631 0.989407 -0.144624 -31.8342 -0.99027 0.00773551 0.138943 165.586
0.13413 0.150512 0.979467 304.165 -0.00946206 0.988548 -0.150612 -31.8334 -0.990919 0.0109338 0.134018 165.78
0.1367 0.149568 0.979256 304.902 -0.00632876 0.988648 -0.150119 -31.9943 -0.990592 0.0143237 0.136094 165.801
0.136902 0.147225 0.979583 305.734 -0.00185393 0.98893 -0.148371 -32.115 -0.990583 0.0184962 0.135659 165.918
0.137901 0.146437 0.979561 306.466 -0.00341588 0.989074 -0.147379 -32.2266 -0.99044 0.0169776 0.136894 165.998
0.140446 0.145998 0.979265 307.248 -0.00320627 0.98913 -0.147009 -32.3303 -0.990083 0.017507 0.139387 166.079
0.139452 0.144374 0.979648 307.912 -0.00441652 0.989395 -0.145182 -32.4617 -0.990219 0.0159193 0.138611 166.241
0.139668 0.141943 0.979972 308.562 -0.00436875 0.989751 -0.142737 -32.57 -0.990189 0.0156545 0.138856 166.416
0.142819 0.140387 0.979742 309.302 -0.000907722 0.989908 -0.141711 -32.6817 -0.989748 0.0193497 0.141505 166.488
0.147196 0.138802 0.97932 310.123 0.00278923 0.990042 -0.140742 -32.8211 -0.989103 0.0234482 0.145343 166.539
0.147254 0.138969 0.979287 310.963 0.00423194 0.989983 -0.141123 -32.9192 -0.98909 0.0249253 0.145191 166.714
0.151246 0.136726 0.978995 311.845 0.0113681 0.990082 -0.140031 -33.0434 -0.988431 0.0323085 0.148192 166.863
0.162335 0.13253 0.977795 312.635 0.0192713 0.990324 -0.137428 -33.217 -0.986548 0.0411527 0.15821 166.778
0.165676 0.131065 0.977432 313.497 0.0235347 0.990322 -0.136782 -33.3022 -0.985899 0.0456652 0.160988 166.921
0.16827 0.131499 0.97693 314.486 0.0236263 0.990239 -0.13736 -33.4099 -0.985458 0.0461949 0.163521 167.127
0.168653 0.127704 0.977368 315.298 0.0162053 0.991078 -0.132292 -33.6496 -0.985542 0.03815 0.165079 167.295
0.172611 0.124593 0.977078 316.021 0.0259609 0.991048 -0.130961 -33.8166 -0.984648 0.0479711 0.167831 167.412
0.177392 0.12478 0.976198 316.848 0.0278078 0.990898 -0.131712 -33.9405 -0.983747 0.0505106 0.172308 167.51
0.181177 0.125205 0.975448 317.775 0.0271055 0.99085 -0.132217 -34.0737 -0.983077 0.0503946 0.176125 167.647
0.186167 0.124197 0.974637 318.666 0.0302189 0.990785 -0.132027 -34.2255 -0.982053 0.0540316 0.180698 167.76
0.192656 0.118903 0.974036 319.432 0.038347 0.990961 -0.128554 -34.4264 -0.980517 0.062118 0.186355 167.894
0.193878 0.119567 0.973712 320.27 0.035424 0.991044 -0.128749 -34.5288 -0.980386 0.0594543 0.187906 168.089
0.195709 0.118127 0.973521 321.028 0.0312461 0.991463 -0.126586 -34.6148 -0.980164 0.0551928 0.190348 168.264
0.195074 0.121706 0.973208 321.873 0.021969 0.99148 -0.128395 -34.6684 -0.980542 0.046427 0.190739 168.449
0.195369 0.121761 0.973142 322.731 0.0227734 0.991432 -0.128622 -34.7578 -0.980465 0.0472904 0.190922 168.642
0.195529 0.127168 0.972418 323.597 0.0225887 0.99071 -0.134102 -34.8454 -0.980438 0.0481866 0.19084 168.856
0.196606 0.125748 0.972386 324.456 0.0209788 0.990975 -0.132393 -34.969 -0.980258 0.0464288 0.192194 169.001
0.199112 0.125104 0.971958 325.618 0.0184868 0.991162 -0.131363 -35.1086 -0.979802 0.0441244 0.19504 169.087
0.203968 0.121136 0.971454 326.577 0.0175635 0.991703 -0.127348 -35.2638 -0.97882 0.0430371 0.200148 169.19
0.19666 0.12322 0.972698 327.406 0.0154562 0.991559 -0.128734 -35.3741 -0.98035 0.040351 0.193096 169.499
0.195693 0.126208 0.97251 328.405 0.0119568 0.991303 -0.131053 -35.4836 -0.980592 0.0372742 0.192482 169.697
0.197844 0.1274 0.971919 329.427 0.0139878 0.99105 -0.132755 -35.573 -0.980134 0.0398598 0.194291 169.86
0.195621 0.127854 0.972309 330.434 0.0135107 0.99102 -0.133032 -35.7377 -0.980586 0.0391606 0.192137 170.194
0.196345 0.128904 0.972025 331.252 0.0157442 0.990779 -0.134571 -35.8439 -0.980409 0.041726 0.192505 170.363
0.195992 0.128247 0.972183 332.148 0.0161621 0.990854 -0.133969 -35.9817 -0.980472 0.0419692 0.192126 170.544
0.195312 0.1268 0.97251 332.869 0.0170002 0.99102 -0.132628 -36.1134 -0.980594 0.0424366 0.191402 170.704
0.193855 0.127868 0.972661 333.703 0.0149105 0.990971 -0.133247 -36.2401 -0.980917 0.0403334 0.190198 170.883
0.194932 0.128129 0.972412 334.559 0.0182802 0.990784 -0.134214 -36.3607 -0.980646 0.0439385 0.190793 171.009
0.196203 0.130173 0.971884 335.496 0.020016 0.990411 -0.136695 -36.4802 -0.980359 0.0462732 0.191716 171.155
0.199593 0.126689 0.971655 336.459 0.0235923 0.990698 -0.134018 -36.5838 -0.979595 0.0496726 0.194748 171.246
0.198537 0.118358 0.972921 337.235 0.0372341 0.991054 -0.128162 -36.7848 -0.979386 0.0616707 0.192353 171.453
0.199596 0.122373 0.972207 338.057 0.0365524 0.990551 -0.132187 -36.8253 -0.979196 0.0619204 0.193237 171.613
0.204401 0.128994 0.970351 339.098 0.0379764 0.989488 -0.139538 -36.918 -0.97815 0.0653721 0.197354 171.688
0.20725 0.134236 0.969035 339.883 0.0374004 0.98873 -0.144964 -36.9934 -0.977573 0.066286 0.199894 171.88
0.208768 0.134983 0.968605 340.736 0.0379031 0.988568 -0.145935 -37.1279 -0.97723 0.0671797 0.201265 172.127
0.212449 0.131466 0.968288 341.595 0.0449172 0.988547 -0.144072 -37.3282 -0.976139 0.0741006 0.20411 172.305
0.214786 0.139113 0.966703 342.628 0.037243 0.987917 -0.150441 -37.3975 -0.975951 0.0683156 0.20701 172.496
0.217712 0.13792 0.966219 343.462 0.0389256 0.987951 -0.149793 -37.5301 -0.975236 0.0702224 0.20972 172.703
0.219066 0.13723 0.966011 344.271 0.0335539 0.988415 -0.148022 -37.6153 -0.975133 0.06484 0.211923 172.926
0.223524 0.129972 0.965994 345.092 0.0393054 0.989061 -0.142171 -37.7705 -0.973906 0.0697474 0.215971 173.087
0.228238 0.128291 0.965116 345.851 0.0390124 0.989279 -0.140729 -37.8945 -0.972823 0.0697713 0.220786 173.22
0.230338 0.12566 0.964963 346.667 0.0421944 0.989405 -0.138914 -38.068 -0.972195 0.0727134 0.222596 173.501
0.232144 0.127311 0.964314 347.446 0.0373195 0.989502 -0.13962 -38.1388 -0.971965 0.0683998 0.224956 173.762
0.237336 0.125583 0.963276 348.103 0.0389431 0.989581 -0.138607 -38.2819 -0.970647 0.0704094 0.229973 173.962
0.24402 0.122224 0.962037 348.671 0.0441019 0.989601 -0.136912 -38.4682 -0.968767 0.075837 0.236092 174.102
0.24863 0.11947 0.961202 349.407 0.0373117 0.990446 -0.132756 -38.6816 -0.96788 0.0688712 0.241797 174.347
0.259505 0.115619 0.958796 349.827 0.04168 0.990542 -0.130728 -38.8735 -0.964842 0.0738873 0.252232 174.445
0.2754 0.126487 0.952972 350.879 0.0335814 0.989435 -0.141031 -38.7865 -0.960743 0.0708421 0.268242 174.595
0.28225 0.130277 0.950454 351.509 0.0254656 0.98937 -0.143173 -38.8315 -0.959003 0.0646144 0.275932 174.824
0.289269 0.132471 0.948037 352.173 0.0214402 0.989233 -0.144769 -38.8788 -0.957008 0.0622033 0.283314 175.132
0.29855 0.133465 0.945016 353.225 0.01848 0.98918 -0.14554 -39.0231 -0.954215 0.0609149 0.292853 175.413
0.305516 0.135699 0.942468 353.883 0.014437 0.989019 -0.147081 -39.0713 -0.952077 0.0585422 0.300202 175.732
0.310744 0.136005 0.940713 354.76 0.0118615 0.989078 -0.146916 -39.2188 -0.95042 0.0568115 0.305737 176.039
0.314001 0.136075 0.939621 355.065 0.00994689 0.98915 -0.146572 -39.339 -0.949371 0.0553701 0.30924 176.26
0.317951 0.136538 0.938224 355.64 0.00748245 0.989184 -0.14649 -39.4484 -0.948078 0.0535969 0.31349 176.437
0.322613 0.143813 0.935542 356.497 -0.00596716 0.98868 -0.149924 -39.4984 -0.946512 0.0427849 0.319819 176.71
0.325638 0.144261 0.934424 357.265 -0.00526132 0.988553 -0.150784 -39.6061 -0.94548 0.0441848 0.32267 177.034
0.331993 0.146652 0.931812 358.973 -0.00802521 0.988244 -0.152674 -39.7425 -0.943248 0.0432086 0.329267 177.542
0.336311 0.147187 0.930178 360.003 -0.00908735 0.988172 -0.153078 -39.9346 -0.941707 0.0430291 0.333671 177.877
0.340769 0.146012 0.92874 360.656 -0.00818079 0.988289 -0.152373 -40.0439 -0.940112 0.0443261 0.337972 178.159
0.344287 0.146592 0.92735 361.363 -0.0108774 0.988292 -0.152187 -40.1384 -0.938801 0.0423089 0.34185 178.517
0.347654 0.143078 0.926642 361.916 -0.0100819 0.988802 -0.148893 -40.3111 -0.937569 0.0424208 0.345203 178.837
0.352079 0.139413 0.925529 362.721 -0.00956844 0.989329 -0.145383 -40.4723 -0.935921 0.0423304 0.349656 179.145
0.357475 0.128581 0.925029 362.979 -0.00244669 0.990603 -0.13675 -40.7167 -0.93392 0.0466214 0.35443 179.121
0.360747 0.126291 0.924074 363.763 -0.00266185 0.990925 -0.134388 -40.8521 -0.93266 0.0460203 0.357809 179.455
0.365026 0.128031 0.922152 364.59 -0.00418724 0.990715 -0.135893 -40.8803 -0.930988 0.0457432 0.362173 179.765
0.369552 0.131152 0.919908 365.386 -0.00578813 0.990295 -0.138862 -41.0074 -0.929192 0.0459921 0.366725 180.077
0.373892 0.13068 0.91822 366.197 -0.0017996 0.990124 -0.140181 -41.1317 -0.92747 0.05076 0.370435 180.436
0.37636 0.135558 0.916503 367.279 -0.00615969 0.989582 -0.143838 -41.2106 -0.926453 0.0484893 0.373274 181.005
0.37984 0.130086 0.91586 367.854 -0.00567207 0.990372 -0.138317 -41.3306 -0.925035 0.0473435 0.37692 181.182
0.38085 0.128032 0.91573 368.971 -0.00946581 0.990855 -0.134599 -41.4859 -0.924589 0.0425939 0.378579 181.714
0.382988 0.127136 0.914963 369.689 -0.00899888 0.99095 -0.133928 -41.6127 -0.92371 0.0430592 0.380666 181.963
0.382306 0.13604 0.913967 370.466 -0.0154156 0.989905 -0.140895 -41.6804 -0.923907 0.0397756 0.380544 182.348
0.384969 0.140131 0.912229 371.52 -0.0158681 0.989265 -0.145268 -41.827 -0.922793 0.0414482 0.38306 182.694
0.386482 0.137357 0.912012 372.212 -0.0149458 0.989651 -0.142716 -42.0835 -0.922176 0.0415266 0.384535 182.974
0.388132 0.129948 0.912397 372.935 -0.0154461 0.990787 -0.134542 -42.3352 -0.921475 0.0381271 0.386563 183.16
0.39086 0.123016 0.912193 373.872 -0.0151692 0.991755 -0.127245 -42.4893 -0.920325 0.035898 0.389504 183.476
0.389061 0.119804 0.913389 374.461 -0.0168015 0.992265 -0.122993 -42.638 -0.921059 0.0325055 0.388064 183.774
0.388196 0.123074 0.913322 375.499 -0.0225641 0.992015 -0.124087 -42.7024 -0.921301 0.0275619 0.387873 184.135
0.394341 0.123081 0.910684 376.278 -0.0205477 0.991923 -0.125163 -42.7929 -0.918734 0.0306446 0.393686 184.021
0.395502 0.124375 0.910005 377.298 -0.019194 0.991692 -0.127198 -42.8902 -0.918264 0.0328404 0.394603 184.367
0.395816 0.121119 0.910308 378.126 -0.0144595 0.991963 -0.125696 -42.9887 -0.918216 0.0365898 0.394386 184.697
0.396981 0.117262 0.910305 378.939 -0.0116185 0.992368 -0.122767 -43.22 -0.917753 0.0381597 0.395314 184.971
0.394671 0.127449 0.90994 380.187 -0.0193524 0.991267 -0.130446 -43.2905 -0.918619 0.0338738 0.393691 185.493
0.397791 0.125743 0.908818 380.948 -0.0113318 0.991161 -0.132176 -43.4811 -0.917406 0.0422801 0.3957 185.736
0.397983 0.12871 0.908319 381.651 -0.00959909 0.990639 -0.136169 -43.5994 -0.917342 0.0454741 0.395493 186.041
0.396419 0.13251 0.908457 382.439 -0.0170404 0.99042 -0.13703 -43.6325 -0.917912 0.0388407 0.394879 186.341
0.395832 0.133324 0.908593 383.419 -0.0205544 0.990443 -0.13638 -43.6713 -0.918093 0.0353077 0.394789 186.794
0.395269 0.138502 0.908063 384.385 -0.0253786 0.989836 -0.139927 -43.7145 -0.918215 0.0322637 0.394767 187.209
0.39751 0.138039 0.907155 385.369 -0.0228794 0.989804 -0.14059 -43.8987 -0.917312 0.0351307 0.396615 187.499
0.395556 0.140669 0.907606 386.017 -0.0223889 0.989385 -0.143586 -44.0002 -0.918169 0.0364759 0.394506 187.903
0.39571 0.142047 0.907324 386.756 -0.0209611 0.989105 -0.145708 -44.1147 -0.918136 0.0386398 0.394377 188.245
0.394676 0.144169 0.907439 387.494 -0.0239663 0.988893 -0.146686 -44.2246 -0.918508 0.0361455 0.393748 188.558
0.397257 0.129727 0.908492 388.271 -0.00943133 0.990483 -0.137311 -44.5104 -0.917659 0.0459793 0.3947 188.857
0.398064 0.131159 0.907933 389.266 -0.00844556 0.990208 -0.139342 -44.5978 -0.917319 0.0477989 0.395274 189.177
0.397026 0.136354 0.907622 390.249 -0.00886607 0.989426 -0.144766 -44.6805 -0.917765 0.0494288 0.394037 189.555
0.396783 0.133599 0.908138 391.094 -0.00575641 0.989694 -0.143082 -44.8441 -0.917894 0.0515448 0.393463 189.907
0.397883 0.132491 0.907819 391.917 -0.00422899 0.989772 -0.142598 -44.9806 -0.917426 0.0528981 0.394374 190.235
0.39682 0.140228 0.907122 392.762 -0.00753387 0.988726 -0.149547 -45.0185 -0.917866 0.052509 0.393403 190.617
0.397657 0.138425 0.907032 393.526 -0.00324518 0.98876 -0.149475 -45.1668 -0.917528 0.0564964 0.393637 190.978
0.393701 0.153269 0.906371 394.608 -0.0196955 0.987182 -0.158379 -45.1425 -0.919028 0.0445026 0.391673 191.308
0.392002 0.149703 0.907702 395.411 -0.0238769 0.987994 -0.152633 -45.2404 -0.919655 0.0381594 0.39087 191.669
0.39228 0.147432 0.907954 396.187 -0.026714 0.988481 -0.148967 -45.3664 -0.919458 0.0341816 0.3917 192.029
0.391315 0.146206 0.908568 396.67 -0.0233531 0.988558 -0.14902 -45.5393 -0.91996 0.0370958 0.390253 192.45
0.390025 0.152266 0.908127 397.165 -0.028258 0.987748 -0.15348 -45.6022 -0.920371 0.0341992 0.389549 192.703
0.38956 0.137222 0.910721 397.684 -0.00452058 0.989111 -0.1471 -45.9163 -0.92099 0.0531873 0.385938 193.074
0.39095 0.133635 0.910659 398.368 -0.0014724 0.989493 -0.144572 -46.0657 -0.920411 0.0551796 0.38704 193.366
0.391728 0.12948 0.910925 399.207 0.00154738 0.989954 -0.141379 -46.2667 -0.92008 0.0567917 0.387592 193.757
0.386395 0.141343 0.911439 399.919 -0.0162325 0.989077 -0.146501 -46.1969 -0.922191 0.0418124 0.384469 194.163
0.387608 0.139467 0.911213 400.689 -0.0120578 0.989171 -0.14627 -46.3582 -0.921745 0.0457081 0.385093 194.485
0.384561 0.143643 0.911855 401.429 -0.0192966 0.988854 -0.147634 -46.4501 -0.922898 0.0391786 0.383046 194.838
0.387203 0.142793 0.91087 402.296 -0.015498 0.988803 -0.148423 -46.5332 -0.921864 0.0433531 0.385081 195.087
0.387525 0.139772 0.911201 403.078 -0.0178742 0.989392 -0.144165 -46.6983 -0.921686 0.0395805 0.385913 195.335
0.386553 0.137504 0.911959 403.866 -0.0175569 0.989741 -0.14179 -46.8425 -0.9221 0.0387983 0.385002 195.641
0.385622 0.139736 0.912014 404.647 -0.0193858 0.989474 -0.143407 -46.9383 -0.922453 0.0376209 0.384272 195.923
0.382325 0.144498 0.91266 405.327 -0.0222834 0.988852 -0.147227 -47.0569 -0.923759 0.0359514 0.381283 196.246
0.382792 0.149462 0.911664 406.184 -0.0245587 0.988124 -0.151686 -47.2288 -0.923508 0.0356749 0.381917 196.537
0.378758 0.156712 0.912131 406.882 -0.0272632 0.987021 -0.158258 -47.3481 -0.925094 0.0350738 0.378115 196.876
0.37805 0.162869 0.911346 407.594 -0.0303438 0.986055 -0.163633 -47.4435 -0.925288 0.0342077 0.37772 197.147
0.378244 0.160991 0.911599 408.513 -0.0230684 0.986095 -0.164576 -47.6113 -0.925418 0.0412206 0.376698 197.53
0.37218 0.160863 0.914114 408.825 -0.0274861 0.986345 -0.162384 -47.5443 -0.927753 0.0353104 0.37152 197.82
0.369873 0.159262 0.91533 409.479 -0.0305984 0.986752 -0.159324 -47.6376 -0.928578 0.0309221 0.369846 198.112
0.367602 0.155931 0.916818 410.211 -0.0288206 0.98728 -0.156359 -47.8321 -0.929537 0.0310547 0.36742 198.462
0.367283 0.155432 0.91703 410.84 -0.0240676 0.987196 -0.157686 -47.9583 -0.929798 0.0358445 0.366321 198.72
0.370338 0.161587 0.914735 411.672 -0.0284192 0.986263 -0.162717 -48.0393 -0.928462 0.0342642 0.369843 198.979
0.367783 0.163659 0.915397 412.457 -0.0310579 0.986004 -0.163804 -48.2016 -0.929393 0.0318142 0.367719 199.376
0.367078 0.164716 0.91549 413.19 -0.0289056 0.985742 -0.165765 -48.3223 -0.929741 0.0343859 0.366605 199.698
0.373936 0.160577 0.913448 413.993 -0.0143035 0.985779 -0.167437 -48.3849 -0.927344 0.0495452 0.370916 199.975
0.3731 0.160992 0.913717 414.628 -0.0128645 0.985633 -0.16841 -48.5289 -0.927702 0.0510794 0.369811 200.257
0.373684 0.162619 0.91319 415.353 -0.0130831 0.985338 -0.170113 -48.6512 -0.927464 0.0516213 0.370333 200.54
0.375082 0.165974 0.912012 416.081 -0.0124396 0.984653 -0.174078 -48.7521 -0.926908 0.0539483 0.37139 200.807
0.377154 0.163126 0.911671 416.816 -0.00678323 0.984826 -0.17341 -48.8619 -0.926126 0.0592182 0.372538 201.101
0.382258 0.159402 0.910203 417.557 0.00084349 0.984949 -0.172846 -48.934 -0.924055 0.0668394 0.37637 201.357
0.38682 0.156216 0.908827 418.228 0.00367334 0.985278 -0.170921 -49.0537 -0.922148 0.0694538 0.380551 201.528
0.387517 0.153324 0.909023 418.87 0.00686522 0.985565 -0.169161 -49.1646 -0.921837 0.0717933 0.38087 201.858
0.388131 0.152798 0.90885 419.494 0.00516806 0.985784 -0.167939 -49.2859 -0.92159 0.0698792 0.381823 202.121
0.390253 0.153053 0.907897 420.14 0.00398653 0.985796 -0.167899 -49.423 -0.920699 0.0691425 0.3841 202.385
0.392504 0.155762 0.906465 420.863 0.0048581 0.985191 -0.171393 -49.4779 -0.919738 0.0716761 0.385934 202.764
0.394362 0.15646 0.905538 421.551 0.00549031 0.984981 -0.172577 -49.5824 -0.918939 0.0730296 0.38758 203.084
0.39745 0.156867 0.904116 422.216 0.00360595 0.985005 -0.172487 -49.7042 -0.917617 0.0718152 0.390925 203.289
0.399019 0.156342 0.903516 422.868 0.00410965 0.985042 -0.172264 -49.8251 -0.916934 0.0724496 0.392408 203.559
0.39691 0.152378 0.905121 423.119 0.00755843 0.985547 -0.169232 -49.9338 -0.917826 0.0740114 0.390022 203.739
0.397759 0.155468 0.904222 423.812 0.00543421 0.985122 -0.171768 -49.952 -0.917474 0.0732359 0.390996 204.027
0.400172 0.158214 0.90268 424.509 0.00184043 0.984844 -0.173431 -50.0728 -0.916438 0.0710637 0.393816 204.265
0.400249 0.155313 0.903149 424.956 0.00184204 0.985395 -0.170273 -50.2668 -0.916405 0.0698152 0.394117 204.426
0.400649 0.154651 0.903086 425.382 0.00551015 0.985228 -0.171162 -50.2745 -0.916215 0.0735518 0.393878 204.616
0.401383 0.153521 0.902952 425.841 0.00525712 0.98545 -0.169884 -50.3708 -0.915895 0.0729355 0.394736 204.836
0.395429 0.152789 0.905699 426.158 0.00810426 0.985449 -0.16978 -50.4408 -0.918461 0.0744761 0.388437 205.212
0.400346 0.152124 0.903649 426.871 0.00850058 0.985465 -0.169664 -50.5615 -0.916324 0.0756059 0.393234 205.436
0.400668 0.153999 0.903189 427.529 0.00345219 0.985513 -0.169567 -50.6649 -0.916217 0.071058 0.394332 205.714
0.402164 0.154049 0.902515 428.009 0.00712845 0.985187 -0.171337 -50.6489 -0.91554 0.0753389 0.395108 205.915
0.402997 0.15454 0.902059 428.454 0.00664235 0.98512 -0.171737 -50.7243 -0.915177 0.0752015 0.395974 206.094
0.402096 0.155844 0.902237 428.925 0.00580346 0.984954 -0.172718 -50.7788 -0.915579 0.0746854 0.395142 206.359
0.403356 0.156432 0.901573 429.498 0.00232529 0.9851 -0.171965 -50.9121 -0.91504 0.0714596 0.396982 206.583
0.405002 0.154409 0.901183 430.002 0.000424269 0.985605 -0.169065 -51.0658 -0.914316 0.068854 0.399106 206.739
0.404474 0.155163 0.901291 430.512 0.000321963 0.985478 -0.169801 -51.1544 -0.914549 0.0689702 0.398551 206.973
0.402225 0.15598 0.902156 430.883 0.00116938 0.985292 -0.170876 -51.2302 -0.91554 0.0697854 0.396127 207.239
0.405491 0.15501 0.90086 431.361 0.00414317 0.985195 -0.171386 -51.3559 -0.91409 0.073228 0.398845 207.366
0.404596 0.160347 0.900328 431.75 0.00264401 0.984299 -0.17649 -51.376 -0.914492 0.0737876 0.39782 207.55
0.40787 0.163526 0.898277 432.273 0.000738201 0.983771 -0.179425 -51.4572 -0.91304 0.0738453 0.40113 207.695
0.407802 0.164232 0.898179 432.673 0.000246545 0.983671 -0.179976 -51.5798 -0.91307 0.0736158 0.401102 207.887
0.408281 0.162714 0.898237 433.103 0.00292817 0.983747 -0.179535 -51.6722 -0.912851 0.075931 0.401169 208.069
0.411689 0.158927 0.89736 433.549 0.00450726 0.984309 -0.176394 -51.7817 -0.911313 0.0766641 0.404513 208.175
0.411289 0.157279 0.897833 433.946 0.00491298 0.984604 -0.17473 -51.872 -0.911492 0.0762758 0.404184 208.343
0.412566 0.160265 0.896719 434.409 0.00646982 0.983861 -0.178816 -51.8298 -0.910905 0.0795749 0.404871 208.484
0.412248 0.159707 0.896965 434.843 0.00788376 0.983854 -0.178801 -51.8997 -0.911038 0.0807817 0.404332 208.664
0.412014 0.161742 0.896707 435.305 0.00843406 0.9834 -0.181255 -51.9065 -0.911138 0.0822423 0.403811 208.861
0.410646 0.15811 0.897982 435.793 0.00352428 0.984568 -0.174967 -52.2074 -0.911788 0.0750144 0.403752 209.161
0.417617 0.155873 0.895154 436.136 0.0110898 0.984228 -0.176557 -52.225 -0.908556 0.0836601 0.409301 209.102
0.420174 0.136219 0.897161 436.39 0.0133366 0.987635 -0.156202 -52.8942 -0.907345 0.0775971 0.413162 209.028
0.415736 0.131961 0.899861 436.858 0.020454 0.987811 -0.154308 -53.0279 -0.909255 0.0825573 0.40797 209.442
0.419959 0.133191 0.897716 437.36 0.0213182 0.987451 -0.156477 -53.0433 -0.907293 0.0848518 0.41185 209.424
0.417857 0.132227 0.898839 437.629 0.0174027 0.988006 -0.153435 -53.177 -0.908346 0.0797559 0.410544 209.55
0.412813 0.137285 0.90041 437.82 0.0204249 0.986931 -0.159841 -53.0113 -0.910587 0.0843753 0.404614 209.826
0.411842 0.146667 0.899375 438.044 0.0180637 0.985455 -0.168976 -52.8202 -0.911076 0.0858376 0.403202 209.936
0.40946 0.144395 0.900829 438.264 0.0201078 0.985728 -0.167143 -52.9301 -0.912106 0.0865521 0.400713 210.057
0.407585 0.143814 0.901772 438.429 0.022071 0.985681 -0.167171 -52.9865 -0.912901 0.0880394 0.398574 210.154
0.401763 0.142501 0.904588 438.513 0.0219908 0.986032 -0.165098 -53.0711 -0.91548 0.0862228 0.393018 210.332
0.404939 0.151393 0.901723 438.888 0.0246409 0.984032 -0.176277 -52.7919 -0.914012 0.0936008 0.394742 210.409
0.400522 0.14309 0.905045 439.09 0.0247308 0.985683 -0.166784 -53.1072 -0.915953 0.089183 0.391249 210.643
0.404786 0.143401 0.903097 439.386 0.0225811 0.985758 -0.166648 -53.1545 -0.914132 0.0878499 0.395783 210.68
0.406177 0.144333 0.902324 439.694 0.0200983 0.985797 -0.166732 -53.2197 -0.913574 0.0858578 0.397507 210.837
0.404215 0.1461 0.90292 439.838 0.0186519 0.985639 -0.167834 -53.2379 -0.914474 0.0846823 0.395685 211.009
0.412717 0.156291 0.897351 440.358 0.0115772 0.984189 -0.17674 -53.0664 -0.910786 0.0833324 0.404382 211.02
0.418351 0.156471 0.894706 440.676 0.0119789 0.984014 -0.17769 -53.0942 -0.908207 0.0850544 0.409788 211.121
0.420256 0.155053 0.89406 440.832 0.0116135 0.984293 -0.17616 -53.1707 -0.907331 0.0844156 0.411855 211.297
0.427116 0.154004 0.890985 440.864 0.0190363 0.983639 -0.179145 -53.1038 -0.903997 0.0934766 0.417196 211.405
0.43679 0.157855 0.885605 441.177 0.0150864 0.983059 -0.182666 -53.1014 -0.899437 0.0931474 0.427009 211.512
0.451627 0.154954 0.878648 441.327 0.0141122 0.983439 -0.180689 -53.2041 -0.892095 0.0940034 0.441961 211.505
0.464184 0.152734 0.872471 441.59 0.0128782 0.983753 -0.179067 -53.2864 -0.885645 0.0943558 0.454676 211.565
0.482906 0.160095 0.860913 441.952 0.00858193 0.982233 -0.187469 -53.1298 -0.87563 0.0979184 0.472953 211.578
0.500517 0.159476 0.850911 442.273 0.00606392 0.982217 -0.187652 -53.1843 -0.865705 0.0990829 0.49065 211.728
0.512445 0.161213 0.843452 442.554 0.00128477 0.982074 -0.18849 -53.2628 -0.858719 0.0976742 0.503052 212.05
0.530387 0.161998 0.832133 442.798 -0.00884418 0.982576 -0.185649 -53.4257 -0.847709 0.0911065 0.522579 212.151
0.549641 0.157473 0.820425 443.005 -0.0103789 0.983285 -0.181779 -53.5903 -0.835337 0.0913983 0.542088 212.269
0.56844 0.161717 0.806675 443.285 -0.0139917 0.98225 -0.187056 -53.5729 -0.822606 0.0950431 0.560612 212.417
0.582687 0.166472 0.795464 443.413 -0.0155627 0.980902 -0.19388 -53.5051 -0.812547 0.100592 0.57415 212.698
0.595509 0.171206 0.784894 443.661 -0.0253907 0.98055 -0.194619 -53.5925 -0.802947 0.0959685 0.588273 212.867
0.599773 0.175357 0.780719 443.871 -0.0321781 0.980188 -0.195439 -53.6643 -0.799523 0.0920971 0.593533 213.045
0.598567 0.172818 0.78221 444.019 -0.0325629 0.980894 -0.191796 -53.7729 -0.800411 0.0893319 0.592758 213.19
0.590847 0.17973 0.786509 444.205 -0.0307501 0.979179 -0.200658 -53.6704 -0.806197 0.0943728 0.584072 213.458
0.582652 0.182324 0.792007 444.432 -0.02576 0.978165 -0.206228 -53.6603 -0.812313 0.0997573 0.574626 213.594
0.569977 0.181109 0.801452 444.603 -0.01921 0.978076 -0.20736 -53.7003 -0.821436 0.102794 0.56096 213.708
0.556569 0.178683 0.811359 444.854 -0.0122303 0.978254 -0.207048 -53.7921 -0.830711 0.105313 0.546652 213.881
0.541297 0.174582 0.822507 445.056 -0.00570911 0.978948 -0.20403 -53.8928 -0.840812 0.105745 0.530899 213.951
0.533246 0.174797 0.827704 445.283 -0.00409612 0.978942 -0.204097 -53.9072 -0.84595 0.105443 0.522733 213.754
0.516542 0.173299 0.838541 445.653 0.00683694 0.978439 -0.206423 -53.9675 -0.856234 0.112359 0.50422 213.887
0.517119 0.173431 0.838158 445.743 0.00826264 0.978199 -0.207506 -53.9245 -0.855873 0.114231 0.504413 213.399
0.498013 0.172063 0.849928 446.021 0.0185925 0.977773 -0.208839 -53.9566 -0.86697 0.119807 0.483744 213.559
0.485817 0.169816 0.857406 446.281 0.0277694 0.977451 -0.209326 -53.985 -0.873619 0.125504 0.470147 213.562
0.466207 0.17039 0.868112 446.546 0.0343085 0.977057 -0.210198 -54.0488 -0.88401 0.127779 0.449665 213.759
0.457364 0.169833 0.872912 446.731 0.0381673 0.976941 -0.210071 -54.0876 -0.88846 0.129396 0.440336 213.694
0.449516 0.170701 0.876811 447.015 0.0422489 0.97641 -0.211751 -54.1019 -0.892273 0.13223 0.4317 213.703
0.44122 0.170418 0.881069 447.203 0.0354548 0.977726 -0.206869 -54.1838 -0.896698 0.122513 0.42535 213.696
0.427432 0.168045 0.888292 447.521 0.0408755 0.977975 -0.204679 -54.244 -0.903123 0.123796 0.411149 213.949
0.418847 0.16702 0.892565 447.824 0.0423509 0.978276 -0.202933 -54.33 -0.907069 0.122799 0.402674 214.13
0.42733 0.163482 0.889192 448.029 0.0429696 0.978732 -0.200594 -54.411 -0.903074 0.123928 0.411217 213.971
0.429634 0.165478 0.887711 448.277 0.0365971 0.979067 -0.20022 -54.4788 -0.902261 0.118509 0.414585 214.07
0.44433 0.167887 0.879991 448.566 0.0357658 0.978176 -0.204678 -54.4504 -0.895149 0.122418 0.428629 213.981
0.455199 0.166409 0.874701 448.705 0.0341101 0.9784 -0.203889 -54.4951 -0.889736 0.122646 0.43969 214.03
0.456883 0.168448 0.873432 448.901 0.0321759 0.978134 -0.205472 -54.5116 -0.888945 0.12198 0.441473 214.393
0.478812 0.163795 0.862502 449.05 0.0295755 0.978874 -0.202313 -54.6157 -0.877419 0.122379 0.463853 214.29
0.497356 0.161824 0.85232 449.173 0.0129963 0.980949 -0.19383 -54.81 -0.867449 0.10748 0.485778 214.211
0.507127 0.167773 0.845384 449.24 -0.00466148 0.98139 -0.191968 -54.838 -0.861858 0.0934115 0.498472 214.279
0.522503 0.167497 0.836024 449.38 -0.00784408 0.981417 -0.191724 -54.8368 -0.852601 0.0936188 0.514107 214.349
0.544995 0.164234 0.822197 449.577 -0.0100155 0.981833 -0.189483 -54.8882 -0.838379 0.0950324 0.536739 214.269
0.547469 0.15991 0.821405 449.654 -0.00456328 0.982128 -0.188158 -55.0032 -0.836814 0.0992621 0.538414 214.574
0.560352 0.16705 0.811234 449.74 -0.00569144 0.980203 -0.197913 -54.9961 -0.828235 0.106284 0.55021 214.65
0.577758 0.172216 0.797833 449.874 -0.0113261 0.979085 -0.203138 -54.9846 -0.816129 0.108328 0.567625 214.688
0.586107 0.18386 0.789097 450.07 -0.0156519 0.9763 -0.215853 -54.8286 -0.810083 0.114162 0.575094 214.926
0.598482 0.192195 0.777741 450.206 -0.0244644 0.974729 -0.222049 -54.7016 -0.800763 0.113865 0.588059 215.028
0.601664 0.198384 0.773721 450.318 -0.0277974 0.973279 -0.227936 -54.6229 -0.798265 0.115633 0.591102 215.299
0.619366 0.192745 0.761075 450.407 -0.0338071 0.975044 -0.219421 -54.7517 -0.784374 0.110172 0.610425 215.199
0.639541 0.194686 0.743696 450.503 -0.0377071 0.974181 -0.222596 -54.6862 -0.767831 0.114317 0.63037 215.073
0.645542 0.195484 0.738283 450.569 -0.0371519 0.97358 -0.225302 -54.6864 -0.762821 0.118013 0.635749 215.246
0.651074 0.195849 0.733312 450.706 -0.0456402 0.97449 -0.21974 -54.7373 -0.757641 0.109598 0.643403 215.426
0.664853 0.197476 0.720398 450.775 -0.043646 0.973044 -0.226451 -54.6473 -0.745698 0.119114 0.65555 215.402
0.666105 0.19367 0.720275 450.666 -0.045093 0.97439 -0.220296 -54.7322 -0.744493 0.114261 0.657779 215.516
0.674705 0.203223 0.709559 450.783 -0.0546109 0.972458 -0.226591 -54.6624 -0.736065 0.114132 0.66722 215.534
0.68234 0.209152 0.700477 450.809 -0.065655 0.971859 -0.226227 -54.6921 -0.728081 0.108374 0.67687 215.566
0.683232 0.212956 0.698458 450.792 -0.0721743 0.971539 -0.225616 -54.7397 -0.726625 0.103738 0.679157 215.678
0.686582 0.211364 0.695651 450.822 -0.0718215 0.971847 -0.224397 -54.7639 -0.723496 0.104105 0.682434 215.745
0.696649 0.207674 0.686696 450.873 -0.0683476 0.972044 -0.224632 -54.7179 -0.714149 0.109556 0.691367 215.701
0.706035 0.198033 0.679925 450.841 -0.0671002 0.974493 -0.214152 -54.8121 -0.704991 0.105576 0.701314 215.59
0.710161 0.197913 0.675649 450.882 -0.0673652 0.974374 -0.214609 -54.8058 -0.700809 0.106892 0.705295 215.622
0.716122 0.198774 0.669073 450.918 -0.0689698 0.974052 -0.215559 -54.7849 -0.69456 0.108221 0.711249 215.648
0.721349 0.200291 0.662977 450.939 -0.0786817 0.974772 -0.208877 -54.8558 -0.688087 0.0985093 0.71891 215.617
0.723306 0.198637 0.661341 450.934 -0.0867284 0.976281 -0.198377 -54.9967 -0.685059 0.0861299 0.723378 215.621
