-65.13568878173828,-105.75692749023438,43.20112228393555,-15.890262603759766,
-3.924161672592163,1.8327897787094116,-19.655210494995117,-1.4293158054351807,
183.1659698486328,152.6389617919922,316.50885009765625,24.347074508666992,
1.0,1.0,1.0,1.0

imagesVectors[0] << -0.3495787754600492,-0.5829332676314201,0.11912015591505079,-0.5615021430083297,
-0.020067761630534513,0.009755510608632289,-0.06086916614101028,-0.049891012756984085,
0.9366920330028393,0.8124614670870983,0.9910122769512354,0.825969872479097;




worldPoints[1] << 13.970573425292969,-18.129749298095703,2.961895704269409,-1.9180668592453003,
-3.516700506210327,-2.0953123569488525,1.402607798576355,-6.082356929779053,
29.21649932861328,26.166664123535156,47.47681427001953,127.2000503540039,
1.0,1.0,1.0,1.0;

imagesVectors[1] << 0.411086788049169,-0.5872605406823471,0.041119719320198235,-0.036128803283047586,
-0.10767769128262698,-0.06695640571723117,0.029505146850385345,-0.04773149900281933,
0.9052144317737434,0.8066237642735966,0.9987184863575748,0.9982065986439275;




worldPoints[2] << -47.57573318481445,-7.504974842071533,48.10525131225586,30.679122924804688,
-3.396549940109253,-5.5206193923950195,-8.624061584472656,-12.133024215698242,
127.19874572753906,94.95362854003906,189.90725708007812,152.63755798339844,
1.0,1.0,1.0,1.0;

imagesVectors[2] << -0.37544815164314765,-0.10708412750424762,0.219306028572773,0.16979519534690712,
-0.028649492790105445,-0.05826797444135037,-0.04563627119931936,-0.07808856397874883,
0.92640050301725,0.9925410987919626,0.974588218984131,0.982380663395225;




worldPoints[3] << -2.135514259338379,-85.57598114013672,-13.714941024780273,6.744651794433594,
-4.889528751373291,-5.353606224060059,-2.5719826221466064,-10.504088401794434,
105.99895477294922,219.8004608154297,22.895851135253906,189.90725708007812,
1.0,1.0,1.0,1.0;

imagesVectors[3] << -0.06051099346921309,-0.3955896864566439,-0.5451102975448399,0.0015709752369166814,
-0.04599464891198967,-0.02460545559859196,-0.09840890761572454,-0.05804207816998464,
0.99710727203287,0.9180976917103756,0.8325685860110601,0.9983129014484959;




worldPoints[4] << -12.324196815490723,6.865288069109514e+17,-7.405273914337158,10.569441795349121,
-9.429786682128906,-3.6526930761927885e+17,-3.381866216659546,-3.6300301551818848,
189.90725708007812,3.981763987124519e+18,158.25442504882812,26.166677474975586,
1.0,1.0,1.0,1.0;

imagesVectors[4] << -0.10240511134775618,0.13020880971873205,-0.0854897289202376,0.33812321631577347,
-0.05073434648851053,-0.09057425266125096,-0.022976334326284504,-0.13199842176075954,
0.9934481462342346,0.9873408583799655,0.9960740907734079,0.9317988555696693;




worldPoints[5] << -1.6064803589859574e+18,-37.00172805786133,-1.7521591186523438,-7.995590686798096,
6.698791084899697e+17,-5.687343597412109,-9.295648574829102,-1.3901387453079224,
-1.0922434161117495e+19,152.63943481445312,183.1659698486328,152.6413116455078,
1.0,1.0,1.0,1.0;

imagesVectors[5] << 0.10571108889760501,-0.27671661949367216,-0.052241246154710395,-0.0907122767590967,
-0.06588097597072474,-0.03578021507347411,-0.05119883691887366,-0.009069301440185164,
0.9922121056957667,0.9602852121663076,0.9973211776044653,0.9958358452157505;




worldPoints[6] << -8.410284042358398,-19.75961685180664,-91.25357055664062,-23.021133422851562,
-6.705440044403076,-10.63332462310791,-6.761606693267822,-6.73090124130249,
109.90023040771484,158.25442504882812,152.6385040283203,105.50474548339844,
1.0,1.0,1.0,1.0;

imagesVectors[6] << -0.12179862136555437,-0.1678616558023033,-0.5510922676198612,-0.2562941703526485,
-0.06285880874324624,-0.06775035723728907,-0.039855297787484145,-0.06317130903678382,
0.9905623988405932,0.9834797169263475,0.833491972251605,0.9645323654278413;




worldPoints[7] << -25.902385711669922,16.12737274169922,-17.329463958740234,5.018422603607178,
-6.460633277893066,-17.275466918945312,-9.832795143127441,-4.288181781768799,
94.95362854003906,263.77081298828125,183.1659698486328,109.8982925415039,
1.0,1.0,1.0,1.0;

imagesVectors[7] << -0.3108839135730395,0.012234828606890654,-0.14275634545830798,-0.005650956104789901,
-0.06852208454832788,-0.06939434143079015,-0.055945576524900724,-0.04142712427752577,
0.9479746390123857,0.9975142777656604,0.9881754491479156,0.9991255477011867;
